424
67
55
14
318
338
215
11
133
253
166
202
358
213
490
30
446
169
28
23
161
386
252
26
246
140
305
353
45
301
267
419
307
258
152
104
382
184
225
312
228
107
352
76
84
83
264
386
374
469
355
372
433
155
59
349
497
238
491
212
159
171
135
12
256
92
297
26
337
100
313
309
7
187
192
347
127
180
417
38
103
308
381
374
469
260
75
377
46
21
500
247
89
167
113
189
482
21
214
381
460
24
341
309
413
149
419
305
289
276
393
228
377
307
211
190
363
494
311
456
224
163
92
263
200
65
457
280
71
439
386
487
463
295
470
101
175
484
413
263
304
151
148
173
334
36
316
303
445
37
482
5
49
484
287
380
192
337
219
381
106
191
258
486
395
43
172
36
198
337
127
260
139
268
144
454
493
215
113
214
178
376
318
416
126
348
455
349
1
452
172
162
447
67
234
445
135
299
30
42
283
297
365
450
197
303
152
430
357
405
89
450
163
491
457
247
342
269
332
337
496
277
292
372
338
406
276
251
401
494
442
420
203
0
392
415
14
114
259
331
315
419
86
259
29
454
444
40
167
8
118
234
383
270
163
321
213
90
7
411
43
149
301
233
329
431
28
353
361
163
49
357
241
312
106
7
449
437
136
197
359
472
163
154
101
196
484
396
482
450
111
55
446
388
224
29
304
120
167
391
346
409
31
379
388
90
210
489
420
15
299
395
257
210
182
127
119
110
259
57
149
265
24
233
126
127
30
326
163
243
442
271
106
410
309
45
297
405
216
316
482
352
8
487
189
430
149
13
448
63
203
237
493
463
352
122
241
183
446
400
121
228
463
162
119
411
406
67
198
455
308
124
0
11
248
492
158
75
94
387
327
209
340
35
182
109
250
16
273
68
213
15
283
239
288
352
391
367
50
137
0
286
323
367
182
255
411
304
362
141
210
152
433
494
103
426
473
325
339
436
449
389
480
400
232
100
139
350
64
120
378
215
193
88
461
128
370
338
103
193
77
468
450
426
77
358
439
52
199
180
296
218
21
255
4
158
37
73
198
393
121
116
337
332
461
100
480
204
434
216
32
392
369
147
321
251
103
48
296
340
78
79
161
426
386
464
251
360
55
270
408
129
168
390
188
493
362
109
396
316
85
338
324
213
479
8
496
398
190
199
437
274
221
86
332
239
462
319
101
151
223
50
60
137
53
281
492
273
449
250
388
113
361
255
307
437
243
39
200
251
251
344
232
118
414
108
162
264
213
215
37
351
264
217
223
217
159
221
430
219
150
298
193
459
41
109
126
418
273
263
328
420
333
417
163
404
432
197
471
130
334
447
255
447
391
26
410
288
499
241
484
251
480
80
304
140
438
145
127
276
69
360
324
36
123
145
117
438
133
251
129
286
47
100
360
299
86
473
298
493
321
167
450
161
344
474
379
468
92
401
471
113
17
449
395
349
432
154
499
498
461
420
177
200
322
68
364
346
336
304
323
292
212
321
27
114
123
495
429
274
291
108
223
298
286
404
410
236
12
67
212
29
342
294
205
67
453
130
294
384
492
316
288
374
288
326
137
42
390
213
128
211
242
201
168
368
327
37
294
396
153
202
178
260
87
13
268
201
370
169
178
97
408
243
444
243
302
102
498
154
394
42
315
356
396
11
189
138
477
211
230
141
168
375
21
180
494
470
178
337
439
263
265
328
6
74
204
334
440
157
138
128
277
39
74
204
438
463
383
395
259
40
66
418
317
299
178
153
441
495
209
35
162
83
301
302
104
144
350
493
24
5
404
217
360
218
165
377
283
77
256
389
80
79
207
285
284
481
399
120
392
471
392
374
273
103
348
107
399
134
108
495
409
255
248
441
248
328
94
114
184
378
127
355
428
432
216
29
293
31
232
83
299
123
316
159
141
295
279
112
73
367
76
136
488
113
124
96
36
73
30
380
427
377
316
386
277
47
314
52
3
353
350
27
493
27
434
108
370
216
469
148
397
121
105
32
183
379
205
449
198
100
11
458
431
492
362
260
391
425
83
387
102
342
223
404
292
9
53
272
196
31
11
426
217
416
10
322
151
250
370
137
494
8
19
355
251
334
5
20
409
209
68
478
21
201
135
336
100
132
444
116
90
303
0
225
470
16
460
366
290
326
8
471
467
434
109
400
178
404
100
177
261
89
371
199
317
20
479
22
402
115
35
331
363
183
46
98
278
243
283
144
122
295
315
132
245
168
483
143
136
114
108
426
157
104
147
447
385
195
257
129
467
217
116
126
351
427
369
466
144
353
274
468
213
449
399
177
445
148
210
458
80
360
6
117
97
341
421
231
53
7
381
400
54
52
431
440
29
381
391
122
360
356
79
455
157
73
375
428
360
157
119
439
5
140
369
492
459
232
270
493
87
46
72
138
100
272
187
120
213
195
148
441
93
107
412
460
387
451
168
185
474
322
299
298
437
150
188
444
310
153
31
489
183
190
461
37
231
281
352
149
341
408
188
57
206
109
434
51
365
263
317
316
55
118
187
175
35
487
367
257
101
228
4
0
175
220
287
446
454
30
352
326
392
65
62
482
438
410
379
18
391
185
465
166
351
274
497
234
399
428
213
372
364
336
449
32
427
210
399
194
61
414
467
268
281
99
39
97
16
309
33
176
202
93
463
144
497
157
387
454
55
168
443
208
117
90
179
410
141
131
256
80
131
481
344
319
152
344
390
160
51
143
240
62
63
152
379
439
10
284
384
134
471
86
489
60
466
63
270
275
455
454
428
277
27
114
390
345
87
235
195
396
140
109
6
331
76
336
80
204
102
419
271
207
40
462
285
287
296
61
160
499
235
43
389
126
289
58
360
30
5
395
150
104
462
139
98
64
78
204
354
173
252
470
390
15
99
268
80
23
377
349
443
373
285
63
227
343
353
292
84
487
353
450
55
53
76
217
241
164
244
424
288
342
36
99
245
332
414
383
29
279
168
331
72
407
247
73
339
16
30
251
40
240
216
323
121
87
436
375
219
350
478
45
185
487
414
111
192
44
87
273
99
326
210
463
63
237
292
332
328
0
221
110
369
447
317
429
370
20
470
86
71
269
216
129
353
351
423
156
157
265
54
6
164
220
225
45
186
319
225
186
312
429
309
293
471
175
201
85
229
238
500
480
3
187
436
325
315
50
186
231
219
34
289
444
207
481
323
322
175
429
493
292
113
103
59
275
4
125
163
103
37
397
22
425
479
296
48
182
394
76
220
382
414
103
89
50
26
1
499
394
222
269
364
94
366
297
430
375
496
114
24
193
347
128
325
337
218
403
291
449
335
183
314
0
147
151
300
82
419
349
29
196
280
158
355
237
113
59
52
153
214
481
336
158
309
133
382
482
202
41
348
462
382
108
351
326
270
283
494
88
103
163
278
118
154
140
7
62
5
408
347
229
201
489
194
402
197
386
439
75
371
266
325
364
93
55
489
145
203
317
179
328
396
147
389
98
422
282
303
107
7
328
423
356
55
116
19
25
83
330
341
168
222
154
371
90
435
198
180
188
223
498
95
42
30
487
296
16
405
171
353
204
287
383
366
143
133
172
479
424
57
284
311
172
417
102
66
274
481
285
453
338
267
90
23
279
247
36
312
1
196
214
5
490
327
210
154
143
49
83
156
391
112
439
156
438
374
230
428
449
117
234
224
219
30
87
369
377
296
417
438
329
244
43
446
489
216
416
442
457
380
297
89
216
354
154
468
365
68
180
203
235
140
40
196
5
267
393
282
481
338
229
58
120
51
313
483
326
455
369
374
328
458
285
135
184
294
261
122
498
138
416
276
361
251
466
252
417
393
42
441
420
440
139
343
449
393
495
76
328
351
127
379
253
80
442
293
183
257
163
378
429
184
123
465
247
166
143
261
22
379
390
161
329
480
388
40
224
85
286
106
407
420
9
64
169
97
378
493
93
379
343
183
97
458
10
22
409
307
282
78
331
363
407
489
339
449
290
393
416
122
408
495
284
193
6
429
468
24
332
302
388
97
46
68
194
72
106
135
460
204
60
241
6
34
194
108
72
336
429
19
231
245
399
193
470
107
187
151
481
135
63
319
47
64
190
446
149
407
163
424
12
200
232
475
158
345
171
138
354
256
258
26
227
57
319
492
175
303
83
398
90
55
451
479
438
44
470
212
141
93
252
146
77
344
315
180
441
408
77
128
404
420
12
404
6
222
157
114
307
343
309
117
22
482
297
151
233
5
50
149
103
226
169
291
458
198
106
251
451
393
175
66
239
51
285
329
222
266
112
17
267
386
440
441
55
464
24
440
493
24
467
430
4
457
31
281
452
233
373
65
442
228
451
170
70
489
151
457
170
167
420
92
155
10
133
390
310
9
482
81
80
196
226
199
265
99
477
176
163
123
253
181
406
207
412
197
310
174
154
333
196
171
24
162
269
297
308
365
352
388
132
46
156
113
109
298
358
322
366
472
286
260
55
141
86
73
384
438
267
259
209
87
289
177
98
94
103
139
162
150
197
127
370
145
277
89
466
242
194
157
382
392
414
241
261
76
371
341
219
411
44
408
106
27
189
247
239
378
351
40
66
219
212
120
405
214
293
236
323
236
437
495
227
300
433
273
330
99
398
472
490
477
443
192
102
57
282
499
458
342
294
113
60
328
404
207
269
434
252
84
71
71
192
85
331
194
129
172
382
208
248
199
291
130
257
294
329
149
296
213
492
250
223
378
354
212
125
96
217
210
305
468
381
322
18
240
441
400
190
365
16
481
251
1
337
194
88
301
289
74
214
227
98
3
317
464
329
200
485
457
27
186
192
230
293
241
416
121
27
189
393
183
3
389
85
131
470
32
425
115
361
283
461
340
465
233
354
109
144
97
230
11
499
341
54
31
114
176
433
460
478
54
114
478
284
381
371
190
242
39
154
248
187
103
5
109
189
302
111
165
226
398
458
449
453
88
27
330
432
248
370
44
10
135
28
96
174
391
381
244
244
447
363
415
188
461
372
50
395
116
155
293
75
179
109
7
30
75
147
301
95
471
63
420
462
196
408
203
454
139
429
115
73
16
132
143
253
53
425
443
333
407
63
359
160
400
380
94
299
381
446
229
439
36
209
391
486
342
416
475
186
228
184
90
457
145
144
273
348
472
177
117
371
244
94
136
25
209
402
170
241
425
447
106
452
29
38
426
162
407
17
390
195
448
353
305
441
370
173
350
108
186
188
272
494
337
316
318
185
338
62
360
265
356
78
30
212
10
238
346
396
363
177
439
386
267
192
169
95
159
191
231
435
252
66
460
20
218
85
196
228
196
392
140
5
356
57
415
457
228
338
338
405
116
351
427
126
346
113
338
214
9
67
384
7
413
361
396
383
261
458
74
210
287
470
60
212
146
207
281
404
315
14
242
337
211
396
160
363
225
159
237
206
57
373
480
380
388
280
54
134
477
391
274
62
92
16
113
456
381
437
57
36
390
494
166
160
314
259
461
417
432
435
241
410
480
468
1
71
290
268
262
156
104
132
414
291
283
8
161
138
246
465
285
115
450
141
467
161
239
192
56
167
172
80
495
278
74
112
248
274
411
116
416
246
418
426
428
165
205
264
324
170
62
96
408
168
484
282
66
350
429
243
82
182
342
191
92
193
186
363
421
256
433
71
266
427
131
22
261
35
400
46
479
499
289
38
185
95
61
177
448
463
459
151
190
90
122
5
495
152
483
77
429
456
313
115
21
39
88
359
66
215
286
69
467
77
317
194
188
74
36
439
49
351
340
155
439
299
373
108
420
81
378
2
100
481
399
187
151
352
266
272
403
299
269
492
181
195
270
59
489
347
349
224
276
390
424
393
290
480
442
134
345
22
110
190
360
314
423
369
290
249
279
199
344
145
138
220
480
458
207
135
176
231
221
241
178
381
386
199
119
381
163
359
302
241
56
485
352
406
302
89
219
343
475
170
168
190
168
307
179
387
23
311
41
120
461
138
80
241
243
0
218
125
50
312
192
324
229
22
327
484
434
121
293
262
37
115
466
336
421
353
153
335
445
282
393
267
361
18
257
113
146
25
272
100
105
167
469
486
374
449
40
244
200
290
215
461
182
457
235
62
133
102
438
70
439
128
445
312
96
426
47
462
76
95
91
173
113
145
143
154
371
295
465
55
473
466
356
112
261
19
490
18
32
51
330
491
299
238
319
457
127
453
148
172
54
134
488
276
241
408
92
183
334
197
478
158
206
261
437
212
356
219
339
25
35
42
477
406
457
494
449
278
200
38
213
51
331
59
382
117
347
276
48
450
10
378
165
165
234
442
346
183
389
477
218
277
333
156
96
55
480
368
475
225
345
374
157
29
392
283
209
376
465
103
106
351
384
70
124
362
379
218
226
362
217
100
361
339
209
333
259
294
466
339
251
417
474
388
57
457
60
215
409
101
320
404
312
105
71
193
362
202
248
347
184
213
22
302
112
44
425
252
296
405
350
276
435
346
186
262
347
105
92
68
232
219
317
129
184
155
326
170
494
218
331
432
84
118
232
190
427
3
432
342
198
489
2
147
101
177
265
224
118
272
276
146
240
324
48
282
190
261
433
313
244
408
102
220
49
384
5
262
273
499
263
476
218
170
26
122
328
448
177
447
226
276
439
246
498
478
489
210
258
410
14
336
248
442
122
414
257
137
327
22
122
278
333
477
163
95
159
458
101
364
72
52
79
52
236
271
492
21
397
108
479
406
221
53
151
65
234
155
254
433
128
269
461
371
450
113
4
228
371
12
325
305
287
109
251
260
161
116
302
470
21
17
203
280
248
370
402
492
365
339
342
34
168
294
180
273
395
199
269
163
471
144
1
22
42
433
275
487
345
377
433
96
287
27
135
84
114
187
164
213
227
97
178
40
140
87
380
150
141
100
146
209
298
107
351
343
340
80
335
436
447
234
88
163
310
278
47
189
478
413
213
487
117
17
83
166
75
39
375
340
246
324
480
299
327
450
499
156
173
467
185
128
264
381
86
490
84
144
363
285
333
139
27
241
115
236
135
148
238
333
185
460
144
224
380
191
373
417
183
335
212
340
135
220
324
98
149
378
394
161
370
396
408
62
398
385
290
125
78
244
121
51
142
90
463
108
110
459
373
452
46
218
315
307
50
73
196
68
315
397
305
305
212
53
459
75
23
188
389
14
304
438
61
271
285
287
209
323
398
401
307
195
343
112
224
216
460
386
278
63
227
285
168
97
197
419
285
66
416
401
145
174
275
328
124
268
163
378
377
165
129
42
387
486
341
104
167
164
149
470
304
361
440
58
15
208
89
474
416
420
493
40
80
326
104
443
10
314
34
161
344
280
343
322
164
455
311
44
51
394
166
458
38
129
318
203
473
257
310
423
315
119
282
399
295
136
67
426
156
280
468
310
268
159
147
103
218
334
335
266
472
193
220
412
492
339
432
374
436
404
345
292
382
242
421
37
477
115
404
49
430
429
438
166
300
436
3
478
361
150
405
164
312
498
469
6
92
351
365
100
496
164
33
128
448
468
455
390
298
24
107
2
334
325
235
445
265
497
334
448
146
331
226
6
335
195
43
48
15
329
206
81
228
90
381
500
280
62
444
166
314
272
28
494
310
28
53
32
383
74
318
148
161
295
104
137
87
413
24
56
168
27
258
296
186
191
447
199
483
305
450
440
65
109
85
363
230
395
199
188
349
344
302
329
19
461
264
72
200
29
357
177
390
5
233
82
314
319
252
437
192
154
252
466
475
40
252
160
200
379
87
343
47
133
482
466
375
143
133
498
292
65
43
380
252
212
47
259
234
268
75
249
274
379
429
61
357
10
355
67
163
229
40
96
447
311
16
352
319
153
50
471
65
499
142
448
166
399
429
317
356
84
159
296
340
36
481
121
98
13
89
381
295
94
395
126
98
195
229
306
470
1
365
19
6
339
280
96
73
110
420
213
276
363
0
348
123
383
204
414
84
92
406
326
205
416
492
76
40
157
497
366
286
96
133
247
483
257
436
156
252
387
467
280
476
139
60
13
401
279
116
174
272
434
15
447
439
237
481
169
192
304
255
96
457
437
427
426
349
64
350
182
417
169
223
221
111
202
450
311
479
268
438
416
9
274
388
403
175
395
29
388
259
196
303
380
10
422
114
202
44
14
220
250
11
93
59
115
137
183
253
485
203
104
498
13
26
396
154
188
328
126
103
499
230
339
200
120
303
148
489
192
496
16
208
256
416
293
50
7
78
158
300
303
45
227
441
25
40
323
100
304
241
459
185
234
178
188
156
242
29
411
42
86
304
424
30
24
145
396
380
318
258
360
491
51
18
83
112
273
353
439
374
491
306
322
66
199
367
142
152
101
20
499
179
245
266
433
364
496
449
133
343
41
70
459
280
42
70
8
376
158
143
159
384
90
329
344
247
374
333
446
319
261
435
399
316
404
258
290
349
130
412
324
344
235
3
476
179
203
379
235
298
46
80
156
297
388
68
144
130
2
207
94
250
119
173
296
74
61
38
88
178
116
353
393
397
439
427
274
65
293
259
101
257
477
322
146
240
174
404
342
137
12
300
431
405
189
262
168
388
200
53
267
211
161
323
256
423
456
496
473
372
485
259
34
41
467
201
494
399
469
460
452
94
192
408
238
190
6
174
499
99
66
133
315
362
497
7
424
155
370
244
331
289
474
61
458
45
194
40
406
213
9
187
190
143
408
411
255
82
429
102
256
456
279
392
362
303
469
433
113
31
29
195
455
268
181
285
299
479
221
245
139
195
265
175
63
221
96
69
456
411
438
387
414
424
33
227
292
370
55
249
431
208
155
360
299
423
347
480
473
254
174
209
2
101
413
351
479
391
467
241
176
465
233
195
241
269
292
419
431
456
351
349
178
343
44
225
67
423
136
431
99
97
254
3
242
460
462
263
40
13
297
351
86
497
342
428
201
474
91
437
352
212
470
456
61
406
464
467
108
398
334
260
191
343
131
90
357
150
39
412
348
466
245
421
9
219
410
227
459
430
436
132
277
154
49
329
75
274
349
47
414
239
41
25
360
437
349
411
490
17
498
215
200
327
229
354
417
496
200
361
170
230
312
140
473
450
455
262
319
136
414
11
227
92
195
312
10
326
24
93
34
160
303
40
92
194
150
134
216
461
308
436
191
486
66
382
55
134
66
385
183
90
139
81
341
67
441
44
448
80
43
148
328
236
53
78
107
71
474
32
179
196
241
196
276
10
323
159
188
93
389
453
257
343
378
278
84
31
150
83
271
69
270
277
455
471
59
161
41
163
239
308
110
152
234
414
272
336
79
463
475
176
348
368
328
413
154
396
346
312
122
315
85
69
431
357
146
239
165
347
77
195
61
395
364
36
41
201
329
295
100
167
273
97
394
458
378
23
271
215
52
498
366
172
276
479
28
255
385
83
223
37
393
499
120
220
248
112
442
198
187
232
428
428
285
19
392
89
387
210
295
303
180
229
427
111
142
91
442
121
392
300
217
66
472
312
74
491
106
9
31
87
489
104
70
487
262
174
38
360
32
120
465
12
454
16
358
433
70
419
14
287
42
244
152
94
385
486
147
0
442
7
334
378
69
72
413
71
397
145
146
305
187
102
298
75
42
19
46
463
242
81
169
475
455
136
149
230
405
276
42
327
196
52
287
121
61
14
7
495
133
183
51
294
425
22
280
212
161
264
292
368
143
405
92
285
495
50
54
1
403
252
431
131
156
250
163
194
198
310
80
446
262
90
408
324
107
355
66
24
280
33
120
345
53
25
451
406
77
223
440
385
46
92
452
358
363
360
442
313
6
153
337
310
420
133
298
339
204
78
184
5
104
170
483
428
149
192
273
307
360
246
493
278
293
179
24
37
500
5
33
332
411
142
139
347
388
335
122
406
474
88
336
422
294
379
246
383
200
262
473
449
152
279
124
24
405
115
333
187
299
370
370
430
334
190
332
106
399
480
305
131
74
380
498
434
453
315
299
412
78
202
122
467
207
132
175
295
440
1
135
406
138
390
201
30
190
319
431
421
427
214
291
453
461
69
7
283
433
202
158
53
149
482
275
188
123
77
493
397
150
254
65
173
441
373
1
386
298
254
324
409
102
136
344
48
389
73
186
92
231
21
257
174
178
490
451
24
251
252
461
370
285
194
20
458
277
70
268
382
468
239
164
70
89
114
155
128
301
120
321
473
394
313
251
481
23
319
43
264
84
241
376
294
493
161
381
13
371
7
318
42
410
218
182
189
9
262
238
131
445
47
274
118
313
371
320
314
143
472
322
188
464
403
464
375
417
195
291
176
283
362
490
422
130
153
183
240
125
167
420
134
468
304
175
210
430
359
164
45
194
261
319
358
278
340
363
263
399
246
65
67
228
268
142
113
127
7
440
174
451
365
258
53
202
449
228
108
425
293
208
387
423
408
47
219
358
129
341
31
478
481
96
392
64
326
64
241
408
461
193
429
241
258
30
132
287
444
309
63
335
447
291
373
381
444
288
406
393
499
284
498
485
365
147
140
500
92
159
65
461
197
465
430
406
305
228
154
55
69
166
102
439
260
383
288
413
311
395
433
407
433
301
8
355
82
249
182
84
183
151
79
283
413
242
186
296
222
378
230
339
307
421
346
63
428
272
237
155
260
490
196
77
285
24
344
313
20
209
282
122
173
394
208
367
213
386
386
407
390
122
311
464
355
163
293
380
203
65
372
253
46
472
484
325
58
107
123
488
381
102
380
155
196
153
421
294
110
131
310
390
243
17
483
451
213
153
327
409
205
96
167
441
440
112
464
19
420
23
497
201
474
280
202
179
248
327
9
453
429
180
14
433
478
359
362
22
396
430
222
419
203
218
439
245
20
45
186
179
199
268
451
370
111
266
58
36
181
24
111
20
399
109
447
380
154
246
199
298
229
1
226
326
129
308
437
202
375
492
92
164
79
262
300
8
324
349
450
10
308
485
183
78
66
70
137
314
282
411
386
287
338
44
78
485
82
359
344
435
99
128
302
90
206
342
307
334
250
94
255
340
104
264
432
500
83
182
498
273
439
104
136
207
473
109
206
108
308
195
75
267
201
315
221
106
484
476
153
54
32
241
236
404
196
146
292
352
106
32
428
233
257
102
114
461
477
121
311
450
123
354
184
217
296
381
38
424
476
243
63
77
30
196
342
228
78
233
229
107
8
394
409
222
334
499
105
55
414
473
486
9
293
3
155
302
407
26
30
87
403
252
197
101
105
242
108
90
0
445
47
433
69
195
208
317
318
408
32
194
50
130
204
136
149
222
111
435
70
220
158
96
253
127
240
133
133
127
355
111
271
427
284
84
479
48
380
235
322
469
159
75
469
233
430
24
83
20
408
27
328
207
160
499
260
423
127
267
398
381
76
262
63
253
16
127
31
333
356
247
419
245
275
190
357
92
205
418
444
224
332
390
437
105
70
80
133
107
209
295
88
296
368
153
499
5
445
213
339
97
57
466
236
217
108
335
311
185
458
406
435
87
106
219
454
300
197
82
327
374
288
410
412
241
94
151
472
2
111
395
418
168
490
354
68
290
18
301
38
273
303
223
329
280
389
221
356
453
239
389
66
341
490
2
278
256
12
263
24
371
491
423
191
138
441
218
262
190
6
471
356
378
439
150
251
397
376
394
122
493
374
434
25
340
77
51
410
256
263
45
68
270
195
42
100
380
486
117
330
164
302
28
188
397
444
19
87
355
190
230
341
423
373
292
446
36
250
343
233
119
472
104
164
276
67
400
490
327
377
349
435
483
367
252
371
399
385
9
384
88
396
123
116
419
278
293
126
208
341
253
192
103
241
284
144
187
385
433
208
191
464
367
9
139
3
21
250
27
413
237
245
465
185
462
54
230
231
207
422
160
213
258
134
36
268
85
85
326
61
277
227
357
68
364
236
447
244
412
177
96
164
480
236
56
290
128
276
171
144
53
350
12
70
130
19
217
130
451
135
333
244
469
114
79
301
487
266
38
55
389
17
91
157
46
180
275
174
408
309
36
226
201
187
16
346
336
214
318
489
371
200
72
11
39
357
84
257
418
202
176
245
423
341
465
196
110
361
441
237
279
87
87
259
160
170
136
110
245
396
181
87
183
441
433
283
13
244
470
319
402
12
335
445
77
434
151
369
174
120
303
310
219
265
258
119
193
94
167
370
16
152
21
157
71
377
322
7
319
279
408
46
16
18
320
329
313
385
147
347
100
461
432
362
200
91
354
359
205
9
115
62
213
177
225
12
65
93
470
66
172
172
338
489
295
204
150
102
291
294
229
87
290
145
215
94
389
236
353
21
451
132
321
156
390
480
351
254
448
28
125
384
397
243
276
180
113
314
474
104
463
171
438
131
0
289
170
141
58
371
308
28
230
436
36
365
2
272
29
63
439
286
468
414
104
420
110
37
197
351
256
407
383
338
294
5
324
78
27
477
367
385
239
291
191
154
241
226
97
377
64
112
312
322
88
137
108
446
494
60
416
478
488
123
196
21
384
119
8
49
348
104
74
168
40
3
328
74
232
416
323
130
431
247
386
459
208
281
119
468
359
438
388
13
178
195
353
265
367
368
244
203
406
461
142
223
278
242
183
352
233
43
25
76
69
306
126
74
464
101
439
42
309
334
376
140
457
401
393
407
75
27
472
295
306
322
23
363
187
368
241
197
288
59
344
365
405
112
45
305
417
287
172
38
414
10
397
0
282
49
53
113
213
363
277
43
367
494
167
213
281
231
143
377
261
35
317
258
423
372
1
46
153
164
18
27
320
500
203
390
232
490
175
445
359
19
292
428
35
121
423
401
137
60
64
23
240
290
276
330
387
168
202
60
76
494
276
4
48
430
205
469
297
102
392
178
57
34
498
182
77
283
134
368
313
73
339
122
131
370
359
155
30
182
401
259
316
268
334
355
182
405
50
359
206
201
126
200
229
218
18
300
79
385
344
162
430
166
39
324
270
355
87
326
459
368
293
218
116
115
388
292
487
220
141
333
495
235
110
103
464
72
228
440
53
75
88
147
387
126
488
36
106
365
89
246
151
69
231
475
449
99
17
423
495
347
223
28
28
88
70
495
128
383
350
315
428
33
7
390
50
122
57
224
317
249
190
319
353
314
306
120
210
215
111
477
408
354
389
47
496
79
320
185
155
221
44
100
258
372
129
65
365
204
60
14
397
92
4
263
288
313
360
7
211
98
349
482
5
378
78
138
198
462
184
96
253
338
133
25
422
43
487
368
240
110
63
293
64
317
349
405
150
163
176
151
191
412
311
484
237
152
278
120
70
420
170
164
100
172
471
188
411
28
300
489
461
163
71
206
360
372
139
386
102
244
494
325
4
453
368
229
18
291
418
168
161
280
496
123
247
247
67
337
52
445
298
435
484
269
247
155
45
252
180
48
382
18
191
357
435
159
294
185
45
492
83
415
246
189
363
333
118
467
379
83
178
142
500
322
338
117
491
303
408
73
80
348
396
439
498
242
82
402
152
117
483
438
100
454
419
246
480
45
106
125
203
97
159
11
216
376
22
482
254
176
348
401
447
50
129
37
285
27
72
483
315
7
164
194
42
139
91
170
49
136
178
498
294
11
76
67
270
431
208
326
35
158
399
421
175
330
332
229
79
224
50
237
38
45
297
315
429
381
10
22
68
280
271
42
441
416
437
368
463
230
343
388
478
184
5
458
63
266
125
322
149
303
481
338
385
229
165
435
431
251
132
296
433
368
98
307
89
53
68
403
306
329
437
499
273
262
42
378
309
158
411
395
106
87
458
92
211
264
115
272
260
80
139
216
33
295
141
418
128
440
23
395
405
487
482
372
160
249
405
470
497
308
153
123
314
270
290
341
164
370
176
34
79
461
437
145
365
471
49
86
289
236
172
0
58
478
34
301
322
466
103
467
219
421
393
64
282
95
411
260
400
470
238
308
398
441
454
381
105
211
253
212
260
274
313
14
468
281
129
167
191
290
376
133
160
124
244
153
269
272
78
57
258
4
471
465
371
128
32
355
145
443
352
376
170
138
457
163
423
187
67
239
48
463
385
260
401
145
387
16
476
266
366
277
87
116
213
67
200
91
347
30
462
295
210
347
293
474
243
407
317
98
322
62
315
81
209
89
317
424
277
161
354
301
275
199
28
59
475
453
232
60
188
4
232
321
472
70
353
287
333
340
241
323
142
73
370
404
150
279
388
12
43
381
94
362
223
235
312
400
342
50
267
420
168
217
129
166
249
186
19
239
208
195
79
279
248
292
327
42
236
33
84
466
186
252
450
93
256
32
380
110
165
471
46
118
325
230
223
400
230
212
413
57
371
234
411
197
231
119
258
181
312
489
174
54
175
139
303
402
238
170
356
273
75
106
361
259
14
50
82
293
69
450
395
326
49
58
420
11
150
240
470
449
45
12
24
255
353
285
194
45
355
67
172
82
468
340
443
310
320
110
471
27
297
490
374
383
88
297
381
268
440
30
226
245
324
110
498
152
136
218
307
447
14
173
351
136
14
434
381
92
237
286
349
93
315
2
10
30
55
121
263
26
310
247
433
218
467
222
454
444
210
456
77
191
447
71
13
348
155
437
100
293
93
282
176
93
493
149
311
437
447
30
142
254
334
325
44
489
2
18
150
135
35
98
475
217
103
281
78
36
108
479
386
157
429
438
309
36
276
266
22
14
472
361
180
420
267
293
160
125
89
305
138
441
138
328
330
426
461
256
63
333
59
381
352
483
116
325
397
244
283
178
46
449
465
384
443
413
129
360
130
62
3
27
369
86
226
410
416
476
110
383
76
75
161
441
179
233
240
356
287
242
301
199
226
276
85
103
190
123
112
17
246
90
245
158
288
304
71
301
145
487
476
185
128
113
347
347
378
332
12
171
430
70
490
23
454
497
308
158
381
256
485
44
50
159
37
10
242
336
319
432
187
337
490
420
425
3
422
169
416
58
265
351
162
477
181
427
171
368
238
325
65
124
482
4
230
183
222
126
72
335
188
329
256
365
420
274
370
412
253
61
103
352
254
105
127
16
79
174
259
108
194
409
300
151
414
343
223
428
366
189
413
265
369
293
306
169
145
77
160
17
488
461
101
414
355
382
260
358
263
410
54
195
123
150
326
464
264
193
410
27
354
406
202
295
422
218
447
404
73
87
393
5
444
90
414
403
166
261
194
77
278
171
37
363
88
32
95
206
482
165
419
467
295
29
470
406
283
475
232
183
331
298
362
369
312
163
94
35
105
354
258
359
42
269
130
107
80
462
245
427
296
263
323
397
24
340
443
485
355
123
59
489
366
337
357
416
453
364
138
492
315
16
481
496
349
110
409
287
6
384
15
83
201
71
352
21
291
254
151
436
117
404
376
451
149
267
365
158
196
275
495
409
461
227
386
393
460
373
394
211
399
478
139
148
266
355
268
8
472
124
111
164
219
447
475
164
173
289
70
421
149
354
256
481
229
209
490
64
411
128
449
256
114
261
252
297
435
471
89
485
359
32
248
90
279
62
198
384
153
428
357
434
389
145
362
66
125
108
415
432
212
32
395
357
325
79
281
318
415
52
82
338
376
103
473
339
193
46
33
220
125
455
194
243
363
382
300
378
178
218
276
227
39
321
384
406
429
318
54
308
193
124
252
8
61
86
499
48
27
79
13
446
447
465
64
298
193
272
0
289
343
254
278
93
444
19
130
449
347
392
95
274
227
92
60
103
476
474
237
64
115
324
20
94
100
396
333
160
370
121
47
341
488
177
434
279
147
231
86
4
319
56
20
332
45
146
408
487
405
84
395
341
66
30
282
455
486
118
174
0
58
5
63
18
409
273
451
145
447
349
53
40
105
94
45
4
445
59
447
281
155
77
373
144
461
435
373
279
430
232
349
193
93
395
328
379
426
370
425
162
407
48
379
187
396
426
290
126
298
93
474
367
355
46
474
351
452
451
414
375
172
478
319
35
384
140
58
33
474
122
257
206
366
90
460
333
292
108
461
441
351
391
131
88
449
112
495
41
366
184
78
416
288
324
146
323
309
377
25
353
116
25
344
469
338
316
39
329
27
430
165
205
18
378
314
247
13
142
228
406
294
417
73
23
261
81
186
58
323
25
140
371
334
209
76
247
100
55
101
81
451
112
5
477
388
471
59
0
242
125
164
353
9
324
370
293
305
87
85
367
143
91
268
271
31
131
246
46
209
425
187
458
231
15
487
232
218
464
50
169
50
93
396
90
147
259
370
67
356
19
1
469
271
160
15
10
436
493
139
183
187
218
175
286
167
434
403
248
340
235
123
236
271
310
201
341
324
362
34
52
264
85
477
102
373
9
35
494
497
118
335
285
337
216
397
152
173
188
152
17
260
56
451
135
66
271
364
233
421
56
267
214
7
329
454
315
384
393
436
491
280
78
218
485
227
188
30
200
187
347
427
240
151
473
64
68
218
107
165
8
395
50
114
482
389
29
74
158
421
454
360
30
280
67
261
331
96
285
396
440
370
99
410
427
156
217
232
391
27
290
477
217
169
138
172
39
24
399
175
496
463
221
108
495
312
225
340
473
258
441
67
230
0
381
391
293
102
12
477
418
320
117
472
414
248
397
288
426
258
487
90
2
62
3
220
335
208
113
227
275
103
471
57
398
487
250
153
69
474
260
461
127
442
428
323
72
301
285
250
452
457
170
148
464
53
495
188
357
329
39
86
10
382
84
133
226
449
309
274
190
437
347
400
259
260
184
289
263
170
450
396
173
302
369
281
466
127
75
447
323
50
338
383
60
326
167
203
54
339
389
430
106
223
244
55
199
368
298
438
479
371
124
111
418
409
329
210
417
459
8
479
463
277
481
80
419
337
93
428
90
22
459
390
473
341
208
333
108
477
4
329
210
191
421
428
365
300
39
156
122
487
45
19
152
132
374
135
185
286
416
408
489
293
220
432
53
65
79
284
500
17
475
316
467
489
437
219
456
134
317
439
104
428
316
40
242
156
156
202
167
119
77
499
175
264
307
218
426
152
185
412
144
450
218
354
163
393
60
114
88
480
115
173
291
469
236
471
330
19
102
431
389
453
407
196
430
368
193
109
73
419
28
364
274
452
275
396
122
7
54
183
125
35
321
170
426
465
8
176
81
414
121
73
375
73
11
46
289
463
383
71
387
259
9
134
84
118
226
184
478
7
471
245
186
119
458
140
155
349
322
76
218
444
358
175
466
144
385
442
50
25
312
157
273
239
0
266
120
175
274
65
273
37
51
466
148
272
78
387
334
318
341
338
16
346
388
479
107
494
207
324
377
460
257
23
45
500
268
244
499
166
167
382
158
414
13
157
150
150
279
15
32
51
124
72
122
472
222
221
61
329
40
371
284
487
23
119
222
446
257
4
188
454
85
468
98
433
59
178
288
340
183
426
25
291
407
235
30
399
9
40
388
226
233
122
249
148
460
497
335
263
399
428
213
328
143
358
262
250
86
233
419
447
49
309
200
353
317
236
403
429
128
69
66
28
214
153
6
415
35
94
28
401
209
144
467
496
486
487
332
302
261
78
360
398
169
365
252
429
460
21
158
73
95
437
78
61
105
196
254
169
265
360
446
386
284
132
96
288
94
81
496
193
348
314
485
344
75
180
84
379
223
397
271
83
359
371
124
212
0
16
244
424
93
127
152
415
414
10
309
159
89
267
154
201
84
387
126
349
128
242
114
236
390
203
382
17
102
397
204
348
391
40
95
11
202
334
215
56
64
451
474
283
120
167
214
178
400
185
284
12
326
33
261
405
217
236
183
59
347
30
31
198
443
334
77
286
201
114
310
51
188
468
109
357
269
397
95
38
306
457
106
147
98
137
458
462
452
232
34
123
140
192
30
377
309
110
326
219
44
194
428
15
121
125
212
196
160
177
124
381
196
283
108
86
312
229
250
355
123
382
52
234
374
198
231
157
229
129
234
114
212
399
463
325
388
432
317
245
246
316
240
70
57
102
63
292
467
87
87
205
143
19
207
242
466
256
476
292
22
200
50
283
119
255
124
45
394
48
233
266
316
227
82
440
246
94
3
345
298
77
31
208
412
219
131
325
171
376
313
206
201
276
389
73
21
78
123
301
126
174
325
438
189
114
214
301
116
285
15
144
176
171
50
121
410
113
327
171
184
63
8
292
155
358
121
43
106
291
388
90
264
462
215
472
228
82
294
234
1
354
54
313
201
35
126
185
406
76
37
303
427
320
425
16
156
296
473
179
389
401
252
287
164
207
82
293
119
231
401
191
316
318
225
199
411
427
246
106
451
126
78
358
257
141
46
19
166
487
239
491
427
22
460
136
169
459
173
253
92
358
114
496
365
49
404
472
179
410
110
467
182
30
21
495
168
126
360
407
231
269
364
303
6
60
364
148
209
205
184
21
203
255
31
146
433
461
212
320
114
136
127
314
115
308
200
98
88
166
463
64
478
231
159
168
259
320
126
17
196
282
380
291
253
115
251
308
493
116
340
49
351
159
111
274
160
16
500
373
177
350
359
47
320
12
290
256
135
101
119
301
225
479
80
480
165
329
289
21
98
324
34
2
269
432
189
142
403
165
175
41
137
166
270
178
456
193
84
365
228
105
23
126
281
25
161
324
109
173
260
199
391
342
3
326
278
294
299
86
215
312
129
57
293
194
217
353
166
105
426
409
169
122
332
203
122
203
164
81
376
137
499
426
90
73
213
203
222
94
383
244
459
256
132
486
309
319
140
249
316
425
65
122
216
248
41
1
307
433
183
236
301
94
445
455
110
65
388
28
175
474
99
327
170
248
418
321
190
310
79
400
258
271
202
372
463
168
461
272
163
391
181
387
451
23
449
415
39
116
212
27
255
365
312
219
281
481
163
376
266
448
491
324
427
218
306
433
442
469
413
329
8
394
271
61
25
494
64
103
158
371
132
436
106
101
291
474
400
303
24
188
206
400
37
304
340
482
498
216
317
434
223
467
54
13
432
106
164
377
266
193
425
415
349
24
11
120
322
316
219
101
399
212
413
435
492
197
302
326
60
340
286
340
28
149
378
355
197
186
330
135
124
229
286
193
26
479
485
40
96
248
323
10
458
27
125
316
34
33
102
162
39
53
383
367
77
406
57
84
362
395
133
337
332
223
175
282
87
3
380
195
215
39
475
14
21
238
208
305
359
215
213
448
234
129
76
284
25
244
446
205
180
143
408
136
181
265
1
320
211
31
376
98
90
129
17
348
280
65
474
60
365
111
291
487
205
456
163
461
39
47
285
374
165
367
228
291
178
208
271
181
40
15
194
73
41
437
490
485
69
454
261
237
264
168
175
429
474
347
385
468
91
260
0
189
494
20
403
56
239
389
260
90
477
429
492
232
497
243
104
147
298
74
440
186
473
301
393
178
20
236
107
165
367
106
297
299
493
381
172
180
185
407
139
19
176
366
249
90
497
309
467
409
23
8
123
54
124
202
55
375
386
279
239
314
161
481
74
400
57
149
212
13
153
34
163
88
462
344
396
454
391
162
458
387
170
472
253
494
151
329
153
412
66
60
218
172
274
447
205
129
439
349
335
498
386
322
465
259
10
405
282
326
236
405
52
49
421
497
107
139
206
13
70
431
23
172
118
193
424
444
457
79
144
118
180
474
333
286
165
249
458
408
301
15
198
13
199
100
310
436
198
335
345
460
464
112
273
243
446
231
426
79
271
80
48
428
333
279
459
115
173
214
308
439
481
316
458
230
243
305
241
67
172
314
330
43
86
293
88
315
144
27
14
337
380
120
379
461
3
148
432
171
275
62
308
401
475
228
494
73
204
265
172
288
409
412
143
13
165
454
112
356
292
34
132
368
0
423
323
28
239
314
436
291
43
345
181
221
84
344
207
32
92
236
320
16
221
460
266
288
321
216
134
250
498
389
124
199
432
466
329
61
24
2
358
476
40
164
300
347
331
454
0
468
296
213
267
98
263
281
194
159
353
457
15
9
409
330
56
27
58
371
305
212
74
44
400
405
205
264
0
154
480
42
291
412
395
145
246
292
215
400
130
390
141
195
64
265
3
295
90
422
49
9
418
455
239
154
467
228
470
438
76
230
28
296
498
472
146
423
155
190
396
240
291
218
163
499
158
72
97
14
307
420
154
194
92
188
5
356
479
267
343
231
380
493
110
394
54
319
297
390
448
393
58
314
395
46
467
280
432
106
236
116
197
340
317
492
214
229
394
165
263
12
219
426
223
479
388
417
4
307
377
428
443
334
91
141
174
157
193
302
173
62
8
131
453
58
252
109
132
316
54
93
256
233
180
57
82
42
161
235
97
56
0
71
313
265
210
430
272
199
461
170
439
360
425
478
80
439
268
6
45
11
280
352
303
262
189
7
286
265
68
123
299
155
65
2
191
56
78
189
139
297
281
243
235
143
443
78
399
307
57
86
21
304
295
144
61
209
198
4
126
152
74
144
172
171
353
249
174
207
481
222
435
45
341
116
137
270
345
248
133
162
393
298
480
297
148
75
295
154
37
323
353
126
485
170
104
440
333
385
113
129
343
31
331
8
320
343
72
131
254
401
213
175
334
140
303
416
340
448
478
251
26
87
477
130
36
160
380
167
151
429
216
163
425
220
1
325
475
414
432
329
322
446
287
294
224
459
237
214
491
153
392
123
366
62
63
236
200
271
497
436
148
147
461
173
317
76
341
208
54
276
361
394
40
195
208
231
491
242
479
159
265
92
132
266
445
363
44
229
286
62
363
496
245
360
475
338
352
99
241
437
281
315
172
175
335
346
233
73
346
28
292
349
151
350
203
50
331
256
410
22
131
384
401
67
444
25
147
161
285
474
112
66
473
468
233
246
157
306
342
283
289
108
295
296
386
18
312
13
81
347
404
351
211
486
129
352
333
454
230
272
316
389
271
322
424
219
466
202
5
168
310
190
400
305
66
237
29
281
181
368
36
394
32
469
340
113
189
314
284
297
331
215
475
425
440
103
320
294
161
257
404
331
428
397
342
304
145
132
279
18
142
197
120
97
262
452
254
413
225
91
361
163
220
464
128
263
359
477
324
70
163
348
312
282
300
481
65
327
331
263
266
307
234
458
137
410
19
98
338
322
288
98
100
196
20
309
374
81
470
86
286
73
279
338
229
315
330
84
6
249
478
432
259
328
6
75
286
427
287
231
304
179
349
314
28
494
427
63
43
252
123
246
143
174
371
6
282
111
43
333
483
188
306
164
56
448
217
254
238
293
213
193
93
116
476
196
457
297
77
63
9
146
90
238
414
386
262
59
340
453
63
210
97
212
390
104
497
37
137
56
358
297
499
349
194
365
454
268
483
99
183
368
374
329
238
423
101
473
33
19
395
321
26
85
35
131
466
121
448
265
39
433
293
479
403
384
320
154
272
31
285
335
9
452
271
269
448
124
94
251
135
437
482
193
181
488
471
410
329
105
416
290
11
195
370
21
455
3
218
6
437
256
425
488
378
323
173
428
213
448
266
273
164
378
69
38
88
425
160
251
232
373
136
375
152
430
105
457
432
343
378
43
455
286
353
87
272
298
485
59
337
467
372
343
181
435
360
230
307
77
443
109
189
251
483
172
65
398
398
158
176
151
413
386
348
230
202
311
139
227
47
318
424
222
153
16
206
219
189
132
214
92
443
288
471
100
262
340
464
29
131
459
387
405
181
146
247
478
186
86
483
171
338
260
498
235
436
87
426
69
126
108
496
194
368
231
216
197
217
424
277
223
71
222
425
398
369
135
491
86
410
77
358
24
160
232
286
388
330
307
471
439
174
121
41
74
415
135
212
40
225
275
31
357
175
271
410
446
500
66
225
287
457
311
392
97
61
279
427
45
30
362
44
209
176
427
259
202
361
342
209
356
194
37
176
278
373
270
220
89
124
443
210
479
99
144
364
420
213
346
68
36
313
492
105
175
206
278
259
111
68
238
323
282
167
147
361
100
489
234
492
394
340
466
111
138
489
91
213
347
234
469
67
68
145
484
170
466
270
28
465
112
385
358
117
384
27
48
145
215
228
319
323
238
66
237
407
7
267
110
343
156
368
486
389
217
170
269
215
122
109
325
205
486
137
283
225
453
485
371
306
88
79
433
274
29
268
151
183
308
157
408
306
244
195
328
12
326
23
329
478
411
302
11
220
288
446
348
334
395
291
46
418
48
118
126
254
395
138
300
234
123
264
335
427
29
29
326
217
17
120
190
152
119
158
130
463
439
207
420
189
343
226
208
73
403
403
2
342
282
401
378
164
219
381
292
180
358
24
211
203
287
58
325
195
60
126
422
391
242
304
229
105
450
4
376
472
429
173
7
276
162
23
372
188
426
385
323
204
190
158
99
173
489
326
453
22
158
384
118
274
362
310
38
341
487
181
74
221
276
60
232
243
27
99
61
428
350
236
223
493
214
154
118
436
67
89
441
404
175
44
153
288
38
275
68
229
354
338
423
39
264
375
222
0
93
464
330
19
366
479
432
104
435
361
482
22
422
206
404
474
283
58
454
221
388
437
179
250
67
397
436
253
289
209
259
63
397
279
255
304
124
345
31
455
83
166
104
356
338
212
104
425
177
207
253
373
191
215
284
250
369
12
127
301
13
446
379
300
292
48
211
30
43
247
262
12
209
191
299
183
163
