281
1975
1042
1904
2072
2276
4844
3903
4441
863
2923
1618
4828
4721
2591
3832
4571
1069
2599
3374
4313
938
3434
480
2148
2598
4882
486
6
2350
1366
2996
12
1989
3700
822
784
204
3943
2029
3492
1405
1630
2442
1128
4104
2243
2088
440
1584
4769
2808
1554
4611
2356
4704
2789
4263
2544
3141
4206
1681
244
2398
4774
1459
4730
3059
4082
4945
1947
2807
3200
3474
4452
883
213
1368
1630
3077
581
165
3388
3711
3361
444
3414
458
1873
2667
204
3143
1426
4518
1943
4375
1993
2480
4472
3550
1012
3741
1882
873
4037
1751
2769
992
1552
3019
3393
3786
2743
2274
784
197
574
150
335
274
1574
2912
2613
102
3266
4255
3946
1378
4745
73
527
590
404
1576
3180
3364
2639
564
3509
2938
1109
4341
382
2655
1512
2493
3641
4218
4491
2510
4301
2087
4707
1309
3875
1987
2301
310
3428
2837
2932
4427
2613
309
4306
2221
4961
2822
2477
2166
4148
1961
3594
1644
1334
1816
398
2808
904
1077
2905
4043
134
1331
922
530
2598
1310
368
3649
4492
4632
4866
2086
2712
4428
4021
3230
3797
1525
4904
169
469
1136
2972
4504
719
899
1987
372
352
1154
634
52
2350
2653
511
3415
1744
3946
804
213
3169
4096
689
4766
1115
1980
1834
417
2145
3731
1389
3876
4330
1371
1425
4039
3893
3227
4504
4220
312
421
190
2392
151
3871
1124
2440
4301
4120
160
254
181
1062
3427
1582
1421
354
4290
627
3196
2383
1285
1705
2609
4692
398
1869
3659
1332
772
3028
1896
4924
1106
2890
1911
3059
3290
4733
1565
611
1488
47
2658
3007
1223
1295
2780
2537
3388
1722
3262
1883
777
2245
3260
2149
2312
640
4752
1966
1494
639
48
1300
4415
2685
689
1987
2136
2580
380
2792
2099
1368
2415
3192
100
70
3172
1060
3671
2591
4393
1366
3931
3204
2542
4198
1086
4543
1073
570
253
541
262
1786
2125
1176
1476
3875
667
153
3665
1151
283
2538
960
282
2918
3715
600
2337
2376
3145
4519
3659
2694
2978
25
318
4379
3269
1214
2321
2468
863
818
3689
2223
3789
3430
1155
2010
4030
4879
2966
3069
141
1731
2685
937
4919
4144
89
1524
1559
1784
804
1369
1844
306
1630
4111
2534
3456
3851
1436
4377
1065
2146
2481
1970
3157
1002
1647
426
3035
1633
3983
4028
4569
2493
4493
4298
2902
3638
3590
315
740
1819
4381
4202
1811
3805
3177
4602
2486
3241
1098
4021
901
2895
1121
429
913
993
180
730
453
3381
3051
3349
4528
4303
85
2113
332
132
307
4637
626
1650
3508
2899
753
343
451
4474
442
2791
2228
4615
1296
4502
630
3185
2685
1728
3331
443
526
2271
1279
2241
3070
875
3810
506
2154
1797
2676
767
372
2743
3414
4381
4942
869
1830
1459
3631
1773
3482
1145
1004
1131
2232
1473
4823
1975
4699
238
3908
4678
3408
1905
1345
4710
4120
4023
2396
4212
2144
1501
3076
3473
3877
781
3923
4551
1423
2608
286
3152
3634
2718
2090
2017
887
1357
2171
239
2482
952
607
850
1202
3522
2433
4760
2349
4614
1681
790
2186
131
3764
1952
4274
1118
4362
1677
366
1518
570
4106
3816
1367
4929
1991
3060
1645
2699
956
2759
4781
660
3353
4643
2581
1341
1429
2189
1633
2374
16
4491
3736
4390
2223
4623
1289
2426
2608
245
2807
2100
3789
278
3770
2679
954
3948
2687
107
1060
1726
4084
4651
2581
208
2834
7
2099
211
1319
1192
3733
2768
3179
1598
827
4538
2880
3637
2774
2433
1598
1131
2808
4914
3483
2334
2165
251
4813
1223
1174
176
1389
4231
2288
355
1293
2296
3364
2583
73
402
3854
1708
2063
3964
233
4275
3837
3541
3727
3755
2319
4138
461
1450
4232
1434
3954
1886
3184
845
615
2306
1107
4364
773
2325
1519
4002
2748
3876
1181
2297
124
1974
539
4226
2127
3685
2270
3234
4326
296
2138
1757
3546
1494
4383
2546
245
788
701
177
3961
1383
2290
2800
218
1050
4814
3369
3036
495
331
2999
2888
1254
4781
4816
2931
2740
1458
2641
1264
4647
4772
1035
4788
1773
1947
2589
2799
4875
4050
2876
3953
4082
1393
3359
115
3487
4543
2287
2420
3967
2855
1941
320
3213
1985
90
4995
4292
1036
3956
4593
2605
2197
4751
1127
1370
2339
748
3445
3557
3178
4003
313
4432
40
408
549
2567
4057
2336
4350
3695
2011
3583
3430
251
2613
1340
408
3549
807
1482
4433
4759
2415
1045
4244
2252
2856
2278
2370
2750
1818
3310
4737
3821
1212
3866
4439
3245
3248
2548
445
4203
2419
1213
1057
3513
3147
4020
2189
839
3501
3509
1502
4386
2212
3796
4504
3739
1482
2981
2072
1583
1967
240
2088
1516
3580
4717
4777
931
795
1120
2588
2373
3863
3671
403
3397
1617
3795
855
1609
442
3199
1588
4549
3878
1043
3730
3034
2563
4731
3928
3447
2166
642
252
1383
4933
1734
2910
2533
3119
2657
300
2445
1291
2581
453
4045
1556
2218
2853
3664
3649
3219
1075
4287
3483
4478
720
1936
608
2188
3864
468
936
51
4760
690
3228
4764
3020
4221
3184
4738
1131
2061
1014
1161
4596
2812
2519
1575
3843
2688
2016
2307
1943
3615
3647
3761
723
2886
2532
1083
637
1277
1629
1459
4164
776
1065
4195
4359
902
4979
3584
1316
175
2268
2132
244
4077
2846
2275
1983
1724
1847
270
1240
1811
1968
2720
3205
2920
4370
2172
4127
3241
2573
4260
184
1385
686
970
4538
700
3517
108
786
4668
1692
2569
3694
954
4138
2699
3081
1695
1324
1942
1614
1891
351
4354
1842
4193
2321
2805
3759
4701
882
4778
4280
1859
4500
2098
3476
1524
4312
2154
4207
254
47
4574
786
301
1785
2635
961
881
3798
988
3019
3370
1728
1347
4528
1741
515
3117
76
1022
220
4026
1598
4417
4036
2377
2212
1733
2186
2251
2695
1768
3262
1316
1244
2186
1675
1561
3142
4920
2260
3860
2053
1739
4003
555
2844
720
1677
3792
933
3028
1985
2185
4265
3638
986
2674
1331
3951
4701
2098
1063
1401
4667
3756
1577
4225
1243
885
831
2329
4869
317
1576
1228
2677
1282
352
3120
3699
3824
2542
3558
1365
1888
3095
1979
1692
1643
2539
2299
3726
3084
1619
4749
4474
1157
4413
1725
3951
1180
2215
1747
1140
1194
3854
3091
467
2000
2587
2094
2399
514
1184
4194
91
2174
1404
1496
2655
1772
4851
4115
3871
3527
2601
4239
3063
1622
2973
4779
1516
472
4690
4169
3522
2346
697
4034
4398
349
1012
2631
2716
4476
3737
2493
2636
4532
2912
4362
2260
571
3400
3760
1290
3149
4223
183
2695
2752
2269
1171
1688
952
2630
706
1859
700
4515
2786
1994
4181
1830
2602
1470
4106
2151
274
2257
1857
4362
1154
775
1624
2867
1569
403
1887
912
2487
795
4264
1711
1231
471
3982
3580
356
124
1494
2785
1815
4568
4994
4934
4471
3935
3875
1732
333
3236
2257
2904
1522
1395
1820
1291
1619
4413
1082
790
2221
1672
377
4740
3505
3185
1133
2578
4469
212
3275
4106
1803
4452
3972
2192
4107
3975
1560
2858
1964
1399
4725
3185
758
4718
839
2307
4485
4785
4528
3950
1768
2039
1907
908
2514
2882
2622
1120
1753
3140
4613
4385
2696
4
2517
4164
4213
1150
4967
1501
440
2554
1225
3546
3751
2701
1669
4619
4479
1246
183
4701
1913
3252
1930
4848
2565
4165
1118
2151
3800
2852
2912
2363
3697
2849
149
3908
374
1375
728
946
816
1813
128
4300
3791
2991
1127
2002
2413
2835
178
1566
3040
1831
118
4541
655
4899
3458
71
2316
174
1123
138
2227
1149
1603
2652
1054
3493
3791
3354
841
2554
4498
4455
1003
2355
1060
4355
2841
4087
1852
4001
1170
3943
1691
3043
3569
1210
1164
1777
3609
3337
507
4881
4445
815
1303
3597
4314
990
4124
436
3047
1937
1560
2229
635
486
3860
3881
1288
2803
1189
1715
1925
2632
1890
1246
4065
3011
455
2336
2384
213
111
1593
3533
4298
2840
4684
3332
1997
530
2262
2660
4865
3236
3344
3572
3439
751
3381
306
565
3866
2593
3805
1112
4794
2873
3641
3999
1190
3789
2424
3320
2816
3634
3125
76
3972
2018
4169
2046
2360
3972
2449
545
3371
1162
2535
192
3507
4011
661
2746
3007
1489
4905
4477
24
2241
2533
1132
3443
152
913
339
1524
3913
1642
2651
2148
4209
241
1315
1749
1298
3401
3689
502
2070
888
2131
1685
3717
2379
2977
3145
238
1726
2986
517
1502
238
4635
3691
4136
2394
835
2973
4216
194
4785
4507
789
85
4624
2429
573
239
3314
1813
3383
2113
2522
916
2083
1465
913
3503
4364
4841
1543
2514
641
4469
3512
864
422
1526
4539
3925
881
2439
265
4592
1035
2357
1958
2631
435
4189
3416
2457
1630
1528
1512
140
483
2660
2236
2469
3603
3225
4694
2282
238
4960
557
823
2388
4808
3061
2734
3601
2489
1666
1160
148
830
185
4943
121
2971
2300
1237
2556
613
2701
3321
4168
2729
887
884
4669
451
4389
4922
3184
4662
1303
3069
906
2658
2656
19
2141
3715
2582
4377
830
3876
3579
1977
4984
288
1009
4403
1118
4925
3283
3778
2938
1652
2355
995
206
2973
4983
3843
1247
3025
588
80
2258
1812
267
233
2384
467
4873
3571
4474
1028
1053
4656
2161
1339
2658
2374
3728
658
3382
4332
4952
908
2629
4740
3119
4600
4952
2479
748
3760
1516
3503
222
2406
1437
3373
2000
1355
3658
1045
3924
3134
4451
2209
2153
62
3098
259
1010
4131
1
4398
1200
717
4247
1504
1716
2021
697
858
3599
1556
450
1385
555
1936
1872
4988
2538
966
3368
4990
4002
2206
4211
2178
3812
4658
4207
96
2803
4014
2553
3416
506
33
2484
1561
4047
1525
1028
1273
4548
2077
2542
1991
4417
252
206
1692
98
386
3933
1041
3743
4328
1464
4891
539
1539
1646
3091
3160
1339
608
4660
4529
4837
4686
393
131
2279
1110
4847
1696
249
1202
4990
467
2328
1431
131
4659
4443
1305
4530
3112
3988
1980
4505
1856
1382
2101
136
349
18
626
4187
520
3798
937
413
924
1330
1797
3250
460
2499
1391
4741
4345
3774
708
779
745
1696
224
2190
2335
3031
653
2967
4593
840
520
4057
3567
1843
945
3604
805
3134
2347
962
2115
4800
3064
3704
4609
3467
807
2531
4851
4276
2838
4660
720
2211
931
446
4804
2901
824
8
3936
827
636
4605
4510
3201
2830
1111
3302
1753
3810
549
847
2733
52
2259
223
2577
1456
1577
528
4687
26
1102
821
311
212
3176
887
3441
1671
4717
2384
472
2207
3460
3564
598
4429
1651
1526
589
1243
4611
714
4252
308
4470
4503
4187
3084
2025
4133
2691
1887
2229
4077
3014
354
135
2932
1331
823
3442
1312
3166
489
4232
329
3422
4055
42
1302
4311
3827
1034
1765
1356
496
3007
1954
2960
4747
3708
2110
1092
4910
3465
1870
2118
2954
1299
1971
1132
2268
845
3886
1558
50
2459
1385
655
1902
2843
1811
1326
2288
1877
1547
3928
210
42
4923
1249
996
630
2882
576
2994
4072
3943
403
2346
3568
3257
284
3442
2657
4388
995
3719
1130
1998
1924
570
969
2829
3782
92
3361
3536
3682
3164
1581
1867
1197
2415
3721
4087
1947
2439
3334
1820
2145
3889
768
1251
824
2619
2394
2170
1603
2061
1879
1650
1449
2303
4838
1441
325
2253
4160
420
736
3758
1937
3559
396
3365
3602
4813
604
1954
3846
911
359
2249
899
4635
4907
3761
4646
2184
4488
2716
3791
4038
1332
1747
1982
332
1101
4809
2116
4108
2570
2753
450
3602
2939
1472
60
601
350
1602
1512
3932
1800
2596
3885
1298
2568
473
4547
4449
2253
1582
118
2071
3793
3192
4438
2776
4473
2056
1998
715
3492
3316
3053
1195
2703
388
337
1732
4063
2660
545
1957
1958
598
2102
2826
1202
1004
542
2343
718
61
1565
113
648
1094
310
2121
3060
2080
3269
2815
3979
1539
703
1133
735
2549
315
2175
260
2
706
1132
588
1232
2094
538
1083
3246
3866
1553
489
3339
3003
2265
2119
4030
1539
2311
3225
3467
4553
2715
4103
2635
2668
521
1151
3651
1091
2354
2578
3670
65
435
657
499
2333
4448
4320
2494
4580
1125
383
3148
706
3033
2498
741
2327
2884
588
4110
4169
892
1292
1983
2046
4819
2997
3177
2929
2427
4775
1105
2242
4443
2157
2139
458
3780
4184
1448
534
174
720
3960
3930
4947
4482
2376
2946
3451
1228
2402
4601
322
859
4083
1439
2320
2340
1113
3022
1246
201
4398
1402
560
532
4201
4324
4737
262
4691
129
1173
2796
1794
565
1462
361
1961
4740
3692
3241
2762
3024
2672
3231
4120
2805
4155
1750
1227
490
4639
2852
2515
3304
4030
3774
233
2663
2211
1065
4733
593
1666
4928
3171
3201
2492
3074
4930
4078
2170
702
3395
1301
3822
1194
3644
885
2043
4250
3835
1384
4362
4079
116
3211
2925
2563
332
4949
3072
4178
439
1946
2031
3651
1155
1872
2685
2386
1359
3399
1994
1949
3002
4945
1105
2655
2127
971
2259
406
4231
1444
2430
2591
3219
216
3677
1845
94
1533
640
2825
1371
1988
2718
1997
4316
2499
2617
3710
4251
1213
1871
771
1837
2434
4355
636
3688
1664
2713
3481
4778
576
1269
2740
3004
1724
2265
3065
1141
222
4692
4832
1203
118
3056
2262
526
1738
366
2051
2969
3296
3338
3504
650
899
1048
3284
4324
2111
3107
3755
2818
3378
3562
711
297
686
787
3640
1640
2989
4735
898
1017
3520
1923
2194
403
2127
2177
3061
2039
2013
1291
4176
2263
2157
4445
1619
200
2531
2019
251
2763
1375
2920
3332
1092
601
4176
254
258
4258
3973
4087
4301
4924
1555
4326
3346
3656
4553
1982
1158
280
174
3839
3953
476
3213
740
2125
3691
2578
2967
1762
2499
2173
2550
500
3279
1908
2805
4451
2619
4824
860
4183
371
1495
1642
4779
3243
4407
4703
1377
1039
3311
4519
2827
1010
755
4671
3311
1906
3507
1161
752
4894
1123
2145
3799
3835
106
448
2171
3070
3916
1233
1196
4213
4646
1915
1149
4737
3910
1182
4438
3822
3573
2504
1493
4646
1931
1505
3851
1800
1884
69
4454
3632
3788
2064
909
2937
2203
1605
3442
3583
4335
1907
519
1345
1742
607
4929
1150
1163
307
1202
951
2189
2301
823
391
809
2223
1244
3546
4864
1429
327
2432
2352
1325
4157
4561
3938
2387
3268
3534
1138
3656
2494
4978
1351
204
1851
712
1244
2276
4938
2532
3222
434
3234
755
2916
679
3156
1146
4668
3474
142
223
2023
2353
2749
988
4934
3690
3196
1467
315
135
1061
1625
4877
4692
1958
2532
2921
688
4075
3028
805
3887
1644
3602
749
328
4131
869
1877
416
3929
104
3415
2164
1582
54
2120
4625
3038
1140
875
2359
1372
591
2075
4031
270
3694
4699
1504
1167
3641
2430
4421
518
4775
1023
4743
1120
576
2142
2969
4980
2623
2401
135
1387
2378
3026
1324
1389
4956
1714
4220
2700
12
2253
4683
3354
4927
1535
3041
1695
2690
658
2016
4824
1517
3620
3136
2956
393
4472
581
3136
1449
3024
4047
4109
169
3010
3139
109
2765
4747
4730
1198
809
3076
4087
3800
4412
4842
1492
256
2998
3648
393
1072
1291
1442
1557
4160
2038
184
1965
3739
1512
1301
750
3048
3430
265
917
4842
1351
579
257
947
4452
2801
3943
221
2257
243
2654
4382
3979
4629
292
1277
199
562
1696
2849
16
3957
4046
913
3102
226
3264
3913
2705
818
4247
1731
4424
1272
2294
671
3481
1997
1927
2259
2740
2578
3483
3478
73
184
668
1238
1798
4028
2602
70
2141
533
250
2049
4481
4247
915
2575
4091
4054
1975
1230
4860
3099
2445
3217
983
112
4978
2810
2586
3138
4486
3837
2314
1975
1978
15
1046
4100
3442
4274
4015
2497
505
3320
3079
1497
1961
4029
2513
1664
3927
1532
2988
1548
4677
2114
3360
621
1007
800
4408
191
97
2437
1238
4490
654
979
3121
4493
740
3554
70
782
1236
1921
495
2616
3730
3432
2924
3177
905
4615
544
1320
3595
2781
4792
3639
1671
4463
4313
3457
1587
378
3976
54
2914
4715
1837
897
3903
121
287
1400
2084
3316
3017
1405
1430
1110
4108
4238
3495
4001
3953
1332
643
2512
1058
1590
2881
4245
1528
4109
342
1167
3202
2110
2665
1639
1228
4932
2452
4643
2435
952
4712
4509
1621
1408
390
3748
2636
2800
4975
3194
4328
4193
665
3770
200
1973
4289
2666
498
3056
630
2949
2144
3650
840
2148
4492
714
509
1378
3112
593
4000
246
3693
3141
1056
954
3388
2415
3407
2765
4191
4483
341
1422
1330
3403
3764
4985
4832
4376
1840
1275
4575
3259
4873
3182
1231
3295
75
277
3944
877
4087
4060
4066
287
3995
4224
1792
1705
2830
1026
1274
1001
4232
4980
4109
4568
1195
3527
66
2408
2953
1865
338
118
2644
2706
1265
217
3793
411
386
3624
90
3789
1742
1272
2129
213
4346
411
1023
2835
4718
1758
4777
832
2027
4225
2449
2837
1430
4659
833
1795
2588
1243
1827
4711
1338
4438
3377
1016
2922
54
1388
4489
2654
1492
1263
226
3097
59
1739
3551
3351
3458
1251
539
3604
2253
4893
4530
1079
3371
2463
1068
4502
1481
3306
1447
4602
4168
1185
3209
3627
417
1098
524
2420
2275
4559
2445
2879
1058
3517
79
2408
4777
1333
300
663
315
2392
719
4816
2241
4946
4332
3090
752
4464
1190
3897
1311
1932
3273
4600
3840
550
2283
1354
4163
295
2981
2355
3885
3109
4827
2337
847
2298
1483
1105
1719
2029
4544
1935
4180
2738
3639
3151
94
1424
3763
1756
1989
3214
2136
1252
4521
3101
3416
647
195
1872
4304
740
4092
3248
1746
2754
1537
1539
1812
2851
2078
2907
2927
2099
1311
420
2920
3313
2856
4572
3965
4879
1010
2745
368
4543
4493
839
1358
2231
3821
46
2332
33
3347
1447
291
2440
2121
3808
4703
2656
2082
2347
3293
2937
1690
449
3516
4470
2980
266
1426
4651
683
74
943
2021
860
1838
4046
3917
984
3456
1583
1067
105
2913
3703
390
895
2258
2689
2822
3013
4690
2375
1250
3631
2642
1928
4106
2243
846
756
1630
2008
3154
3718
741
1847
665
962
1491
1847
856
4504
2459
2228
398
4004
1483
4325
1878
3471
3961
2271
2493
4646
766
1377
4171
1019
4736
256
670
350
3301
4676
4534
4236
1589
745
1150
4853
4387
4736
3361
3178
613
3837
4349
959
810
3611
2778
4392
1710
1283
2053
3361
4904
3389
91
2103
2700
2223
77
149
2361
875
2402
1640
999
3161
340
4487
1723
3239
2204
2101
4053
2934
4992
1402
2629
3647
2944
2440
3300
3116
4449
563
725
97
575
2851
4370
1183
3141
71
2389
3727
1785
762
1475
1340
4018
2418
2313
4638
974
2645
276
355
773
2145
888
1301
2723
4766
1508
3150
3454
1559
1029
630
3154
1099
4945
245
436
2106
2180
1086
3350
552
3308
1553
2750
1703
4133
4901
1666
1349
1140
2009
3875
1546
1463
2135
340
4883
1377
4594
4862
438
1735
3325
476
4330
2412
878
4038
3742
1933
4503
2358
128
98
1191
2038
1944
2091
2499
346
4398
4048
4398
740
3987
1639
4205
859
4751
66
1254
444
4030
1738
1259
3073
4665
3069
2380
1998
3493
4298
4736
4717
1011
994
3238
2687
1004
785
4592
961
2616
4190
1857
4314
4874
3909
3738
503
451
1997
2533
3474
3472
1337
676
1068
1633
1522
1363
1105
896
1091
1762
924
1605
1214
2987
3194
10
1739
4794
3102
1472
2826
1558
2992
635
4937
1699
2334
2711
4901
2380
3721
926
522
321
2471
2167
2926
555
2411
1512
3822
4774
4364
4956
3765
4092
1319
4399
647
3693
3190
3840
1765
1263
4957
3204
551
503
4531
4659
4819
864
1932
1293
3452
2628
404
2843
741
4996
704
1926
403
2173
3535
4276
2720
274
3561
4582
653
3331
3292
521
3365
1571
1603
1578
1273
1783
391
1827
3862
3647
357
1543
1733
1483
352
2641
1743
840
1751
2507
3962
1055
1534
2420
468
853
677
2519
3547
4963
2308
913
1051
391
3068
1976
4552
3620
3857
2156
1929
3702
4981
1387
1142
3273
2917
4661
3251
3796
578
4126
1267
3255
2099
4650
4418
218
1642
1715
4090
4060
303
2341
1038
2271
1508
2684
2523
1074
2939
464
4465
1837
3288
1559
1622
2551
1579
2692
3134
685
3189
1440
4304
1533
1326
344
3051
3878
1930
2896
689
2544
1415
4536
3373
3026
58
2488
1496
2896
4056
1216
225
4976
1502
2100
568
3609
4420
2405
330
2882
2087
2890
4223
1150
2669
2334
919
1888
3516
1613
1443
1552
3187
1346
3125
2870
2829
3961
4703
4811
981
1801
1798
2354
4588
269
4542
4429
156
1353
1566
637
3515
178
1342
1060
222
2047
3124
2663
2109
3922
1901
4198
2231
2313
1436
1570
432
2939
68
1758
4848
1492
1796
1040
4004
917
2033
2730
4346
2254
4638
1514
2975
511
3430
3906
4917
1076
4788
4689
2160
1379
3494
4521
1328
3334
4998
4486
2739
1278
4685
2370
1905
4205
1140
3698
4953
3351
1222
2162
945
231
2890
908
1424
3163
4663
4829
3323
1182
4870
4805
4621
2085
628
1301
2331
471
3807
2571
598
4626
2572
14
1284
1257
1300
3584
3609
1707
4457
1111
3510
50
214
2573
4603
145
3905
2662
4370
1005
3398
2687
4177
691
4115
4772
3256
2195
3411
4092
3598
4647
2963
1751
4476
3613
2579
4031
933
100
1535
4418
711
3360
4336
4808
3707
4497
2474
453
4868
1069
4901
2561
4257
4061
2218
4379
1194
1615
427
669
2824
748
3212
3854
3085
4641
3064
1201
581
4193
902
3371
1343
1973
242
4795
1952
3564
329
2703
1222
2585
1026
289
4785
1131
1846
1019
3880
1487
4262
1759
3101
2170
1409
4572
1078
2871
3630
1854
989
671
3452
1240
1555
2346
4516
2023
1295
1906
2124
3126
2720
885
2924
1288
2187
1337
2356
4809
4162
4732
387
2411
2994
3128
4291
3084
3062
437
1745
3343
3809
2243
4769
4983
900
3341
1000
1581
1906
3920
2722
171
1004
3707
3334
1564
3343
2900
2799
71
4489
626
4306
4986
325
1622
1041
1069
479
680
4905
332
4432
4883
1844
1295
243
3461
2898
3625
3742
1735
107
460
2837
3428
25
2723
2679
65
1391
351
187
1901
3109
199
3898
1679
2253
3895
412
539
3910
841
271
3344
4120
2802
4376
854
2910
1670
4448
3509
2479
2589
623
2595
1837
1439
72
341
3276
2879
4469
4884
1677
4365
1249
1108
970
3383
64
2644
635
2963
1956
649
204
4629
4399
3835
332
1541
4218
1183
486
2649
3603
634
3153
2222
4665
2258
2767
2387
134
4351
438
580
1421
3222
2164
570
1234
3220
2501
3146
4378
840
636
66
4820
2596
2248
2942
937
2724
663
4382
1656
2140
4432
697
1572
894
4389
4536
109
1437
3131
1349
2189
638
2212
3990
3601
4704
4717
150
639
4507
2883
2145
2502
1976
1811
4603
2276
4358
1993
1784
1499
3064
3916
4282
173
4067
1311
4200
197
2446
1800
958
592
956
2706
4823
1962
3131
3561
1090
3109
4979
4101
869
4429
4742
2200
1894
1880
1098
911
2549
489
2807
3159
4268
3061
3379
1916
468
3560
3322
1802
4817
1362
1081
1641
2269
3473
4702
858
916
652
2132
611
4413
4940
16
423
2498
1610
3982
4737
1341
1102
2130
2022
2021
2614
1979
991
4407
3476
2413
1280
116
4537
1180
3943
937
3170
783
2270
4648
3113
4105
1192
685
1254
2613
4042
1929
3113
4547
1001
3756
934
4723
3154
1218
3901
3519
254
3009
3346
4951
4447
3457
607
4684
1988
3456
3447
4101
2957
2902
1833
2821
3262
4574
2952
1465
3399
3536
1249
3638
4165
650
2177
3393
796
1654
4015
2672
3872
768
1689
1332
1062
3221
3804
4331
2320
2863
1816
830
2433
1889
4132
3466
4453
1893
4730
2910
433
4023
141
4842
616
3287
2664
3876
3695
954
1548
2374
2419
3108
4379
4360
1960
1148
2619
2838
3411
4693
909
745
241
129
2113
2250
1565
435
4165
690
2110
166
4889
3290
388
426
4824
3790
2709
4058
3308
2632
1160
2426
173
953
234
1292
1519
4469
2900
2648
3476
1545
1993
4503
2812
4169
565
4445
3431
953
939
1578
2088
137
2011
2283
1206
394
440
4783
2603
667
48
336
186
963
3336
1582
4234
2269
879
3454
4626
573
3849
2480
808
4717
2634
2903
2581
1726
504
699
4317
4804
4375
2762
0
1117
3847
3732
4762
250
443
2141
649
1119
3740
2259
2709
4792
4368
1480
2345
2580
4754
1606
3898
936
4832
719
4029
680
2695
570
1173
4968
2106
3268
1755
266
4909
2629
2807
1696
3918
644
676
557
2232
3636
911
4369
4553
4120
1981
4192
247
1736
1374
896
2197
4783
3064
1177
4953
4823
468
2619
3475
1132
3853
4554
3917
3270
4546
3061
2928
4054
1215
3055
144
4382
3784
4360
4548
4169
1759
4446
3134
2127
3511
399
1173
3430
2337
174
263
4402
4280
246
3681
2904
2078
3097
4996
3043
998
1185
2903
3602
1617
4797
4882
3761
2248
1384
4399
4687
1742
2540
2811
539
363
4563
2368
1978
1854
317
2687
3606
2896
3603
3134
2106
4577
4656
1769
2170
2450
1694
678
924
3068
1605
4394
586
1486
848
4363
1901
392
4557
1461
1898
4681
4521
4368
2193
27
3374
1305
4571
1390
4987
3654
954
4609
2634
4980
948
158
714
2781
159
155
1713
2180
313
3180
4184
578
1774
1294
1221
4056
2913
1233
4154
4401
2297
2100
1276
1795
1739
2530
4958
1225
1398
2795
600
2110
789
4123
3160
2663
4134
2067
755
2811
2420
4987
1080
1636
3963
2104
3425
4395
891
769
4407
3861
2485
3437
599
4860
1196
3866
100
2044
4083
397
1245
2759
2655
1363
2725
2949
4888
343
3486
3644
2505
3305
2777
3059
618
1643
1700
4069
1497
535
1727
2120
1644
2282
2562
2270
3053
1163
786
954
1624
2751
2946
1027
863
2116
849
3709
1440
2170
349
343
1762
3791
491
53
2065
3329
702
3499
4941
4280
3065
4954
3398
1476
788
1347
3538
4449
2886
3011
2573
3593
2679
2610
327
3116
1037
1423
1499
4327
3148
4647
3693
3080
270
4238
598
696
3535
367
2552
4488
4677
4544
63
2263
3545
4960
1713
4728
1054
2434
213
1781
870
989
509
4839
4535
2260
1987
3715
1612
1077
158
4307
3141
4679
493
4641
4662
3955
734
1860
1080
1045
931
481
4263
4286
4475
4502
972
4854
4807
3008
1542
2432
2512
4256
1373
2079
1802
2874
115
4706
851
4343
1675
2370
2475
1697
3711
3564
3722
1881
2820
1020
3985
1569
495
4335
1551
2775
2105
1109
4781
4130
2168
2562
4226
4319
2608
905
3534
1181
4912
4435
535
3801
4469
4716
3199
236
4956
2328
4105
3253
3701
2959
4180
1602
2722
4620
505
4528
1656
3449
1065
3315
1582
4264
1897
0
2555
3455
4510
893
2422
1955
4573
4790
619
1567
2342
4794
2311
648
1787
1173
4073
42
689
4539
3305
4006
4495
1239
3900
4331
1040
4897
1542
973
4607
1727
2078
849
222
2147
3710
4503
1155
3159
3532
4708
4989
1214
2096
3278
26
4582
2030
1856
1377
3935
1487
3626
2272
3127
3089
4859
3016
41
166
480
2030
1950
4783
2186
1428
1914
4483
388
1833
1257
4352
84
959
989
3035
4997
4392
1677
2732
960
3845
701
2200
3443
2137
1909
2784
3588
563
560
4025
75
1151
4094
3578
4682
2050
3330
2851
3466
4944
171
770
1098
1528
1247
735
1130
1569
3874
3557
3038
4382
1391
2257
1728
3511
3042
4807
480
3181
620
3282
3121
75
3085
1876
3528
3511
843
4332
902
464
1964
3741
2555
4945
3193
966
838
556
4088
1712
4506
3495
2155
2594
4018
882
719
4243
2948
1822
1746
3794
4050
1976
2588
4638
3085
921
2829
4083
410
684
722
3002
3952
388
3671
1907
1066
945
4493
4385
425
905
4785
4831
202
2101
635
4963
3094
2700
3343
3297
81
102
4
1798
4640
849
1211
4146
3014
2964
986
3796
4474
4536
4648
3091
4309
161
2719
309
3312
3308
667
2474
2437
2323
2222
4097
1663
4674
2172
4170
1746
1057
4239
3127
3647
4074
4603
1727
281
3020
2080
144
2474
2756
443
4742
4129
1225
3942
2003
4322
3327
1309
1431
4471
64
1410
327
1856
4098
116
3959
643
1515
167
1131
775
1110
2926
4199
2095
4403
3782
2623
474
1872
500
3966
4640
2230
1028
1962
2587
3327
3338
4493
2315
1149
2348
2833
3800
4306
1938
4329
3396
1510
2455
4342
336
1169
1748
292
1644
1258
2892
4540
1207
679
2140
2512
499
4623
1106
4754
3647
2122
1257
1854
3574
4759
1205
1818
4548
1799
4757
4874
2701
3384
695
2314
1332
2149
1754
1666
2665
2279
2187
232
1050
4430
4519
55
202
2163
567
3205
4967
2219
1932
3877
879
668
2890
4033
847
2815
3049
2068
1801
73
2028
1149
216
4448
3225
1861
2204
39
3184
3343
1595
346
195
393
4505
1968
1253
647
3703
3622
4583
563
2932
3204
1047
3968
3089
2804
4173
2029
2773
2873
1808
1928
2088
2154
4845
1821
94
1663
1659
253
837
4349
4087
1964
2992
1223
2031
1954
3418
28
4074
1038
3982
569
2541
2659
4635
3673
2842
1563
4955
2625
4128
561
4496
810
2132
2658
2764
3150
1605
3895
1463
1566
706
3374
802
474
2743
265
649
1587
4341
116
1585
518
4015
2168
256
1539
1653
3314
1517
3529
2342
2937
1918
2934
1247
1841
3901
52
1275
4936
327
4106
209
631
3620
4813
2495
266
2816
422
3245
3967
3852
1922
3092
2817
1652
3975
559
3374
1180
378
3021
1490
3000
256
186
2528
3792
3516
421
1113
1733
2765
108
1629
958
3212
843
1620
2551
2351
2723
4453
2194
962
3372
3715
2450
2765
1871
1955
3212
278
2518
4159
3838
962
348
4759
2220
279
2013
145
1394
3079
3035
3902
4600
1954
4893
3297
3892
685
4830
2553
1339
4417
2714
2232
3728
3910
3540
1676
2949
1452
2640
425
4696
4689
2728
3218
1090
2158
518
4056
231
1512
3977
2910
154
2394
4440
291
3328
1909
2260
4415
3798
4655
2719
4001
208
384
877
319
754
4431
4458
796
5
287
3438
2752
4568
4320
2428
3132
53
4267
3567
3236
3784
4766
3539
862
3755
2242
70
305
913
4121
3722
1723
4590
1094
1549
4790
3586
343
14
1280
1649
1345
3713
4572
128
4244
4687
3685
640
1235
2030
4630
2194
3852
511
4291
520
4358
670
3420
1817
854
4799
320
2691
4682
581
2156
662
911
618
1670
3438
2381
2664
3332
3557
2766
3499
286
3180
4287
1952
3718
3164
2792
4651
880
3138
140
4353
1594
3948
2964
4286
1779
3828
3480
4164
1369
559
169
3553
542
2828
4890
1240
52
1708
794
3811
1295
785
1742
4320
2299
2258
4798
3469
1961
3050
170
1005
2310
292
4680
3735
827
438
1798
2035
2070
1355
505
2601
2502
3010
4054
1554
1437
1463
2593
2064
3333
1264
1138
1957
1810
1113
913
2020
4885
4152
283
1158
2690
4911
2539
3958
979
2410
3161
625
2495
4959
4906
3045
4889
3058
2559
2029
28
3536
4738
2919
4567
1589
1461
565
3333
1912
3302
3054
789
3981
1726
4937
24
1884
3152
4508
4533
2085
4781
4911
3809
3827
902
3384
4353
4499
1256
2256
2340
1424
2157
3057
3664
1182
1437
967
354
2387
913
4102
3552
288
479
3110
722
1890
2010
3672
2049
448
3088
1034
1821
1489
4908
4139
805
785
3495
1418
722
1938
4856
2897
3079
875
2961
3581
3243
3577
1578
3152
1881
2233
3978
1040
4122
3392
4152
1240
113
934
2008
2497
4743
1498
646
4569
183
2301
1318
3821
455
2432
669
3837
3528
1188
422
2227
292
4835
2673
211
3941
3660
1630
4212
1441
2640
210
2979
1333
1148
877
2395
2667
1239
2436
2148
1684
3597
3220
1125
4219
4097
792
3774
4511
2329
4669
323
1681
3817
2696
1267
2724
2586
1540
987
4065
2477
3654
3914
2103
3384
3765
4466
855
3646
4667
1374
3815
1672
2431
635
1579
384
3726
4341
3791
3677
234
1405
2228
3210
213
1043
1203
2236
3784
2087
4737
249
4067
50
1555
1861
3958
2044
4211
4439
84
4959
58
4938
3113
1488
2265
1339
4093
1433
2918
3776
1393
1367
4159
51
1629
763
4423
4484
2652
3353
4650
418
2822
3891
3132
4972
3955
1345
2278
407
1508
2637
447
2010
4164
1227
126
4796
1062
1926
1703
3620
3347
1745
2101
886
1176
912
2399
3651
3366
741
4119
1948
4649
4439
1297
3555
2708
1464
4247
1653
2352
121
3798
156
934
4227
4704
1372
2160
3667
3742
1135
1560
3671
3090
1085
1448
2428
4464
467
1407
2570
3100
396
2632
1674
3257
4859
2861
3331
2235
3823
1099
1862
4426
1330
228
505
4133
3280
509
1529
893
3413
1902
3395
517
2095
2346
511
443
873
423
2274
3956
1347
4408
2076
523
818
4556
1278
4717
3112
4593
1047
434
4938
3065
4678
5000
519
1541
3599
3801
2235
2741
2286
3987
2624
4367
1862
1714
2218
1040
3931
4213
1453
3726
864
2871
3061
1625
3712
855
4026
4746
125
949
1791
2435
1998
3012
3114
1805
4987
1371
3549
3375
2358
3938
210
3601
4157
2392
1016
3097
3451
519
154
1650
2516
1099
2380
2117
2442
1175
4380
1306
4763
598
4631
24
4560
3519
3205
4639
4017
3535
757
600
4694
1500
2945
1214
4333
3139
4517
647
2389
4690
3486
2601
1965
4269
4261
531
1636
1364
296
4615
407
1077
887
4495
2854
4799
2434
2781
3278
1244
3664
4907
1020
4685
2224
3965
303
3401
331
1957
1895
940
4744
1067
3929
2465
591
582
580
2278
3448
86
2440
4062
4919
956
1972
1487
3515
236
3570
4239
4528
470
944
3906
4995
1445
3723
365
4046
1225
3238
2611
1057
2137
3578
80
714
722
3680
1653
3293
4252
1547
2773
3014
977
4362
3909
231
411
4957
520
4250
3971
909
4221
1509
1079
504
526
409
145
1089
966
4583
3729
866
1487
3659
2569
4935
1868
882
3193
3869
1455
3390
858
3111
1508
4156
3500
1762
1353
4468
777
758
853
2573
888
4778
880
1105
1868
1433
4155
4067
1594
1205
2603
2102
2480
3989
4947
4532
1346
4285
2616
3951
2834
3669
3375
2405
3052
1003
69
4942
2710
4411
387
59
3965
455
4446
4743
3232
1417
2727
3283
4322
4263
368
3933
1027
81
837
4150
982
4698
2549
4011
3873
3838
4286
930
3214
2241
4459
3404
3568
4188
2856
866
3996
4143
266
4619
813
25
2402
4315
1091
3448
2749
3443
4710
855
3612
4672
4444
222
809
332
4636
4304
375
708
2678
493
2139
1232
3599
2530
4650
3486
264
2231
3933
440
2118
4122
2495
2553
3918
3669
3213
2380
289
787
267
4340
2428
2476
737
3848
4998
870
2947
1546
4019
35
3471
18
30
3713
4565
1435
2123
1562
1534
2125
2153
3450
3532
4461
2649
809
4532
3896
2695
4474
1398
230
708
1815
1172
176
4570
1176
2945
3278
4883
3884
359
2758
1016
2652
4327
1542
4000
3765
185
997
1852
4589
2399
3764
2205
2256
4984
1352
3830
1628
3811
3921
3412
92
266
4107
3896
4024
956
4567
224
1553
2972
4376
4974
4385
2016
1703
4198
3682
3027
308
4126
4758
3386
3545
3624
1891
1626
1760
4815
2609
671
4105
4213
3425
1668
116
2732
2813
2735
4628
3879
3012
4740
2249
723
1304
881
4841
573
2132
4741
762
1098
1297
949
4148
2492
2338
2024
1817
981
4608
2550
3979
2906
620
51
4614
46
540
917
2698
4232
3538
2877
2920
1825
923
4338
470
3814
2483
4993
4469
3586
1143
903
1989
3276
2196
3045
2913
4116
457
2420
572
4358
271
3878
932
4548
3603
543
2372
261
3336
3386
4864
3814
3112
4920
373
3486
3029
513
989
2142
4635
2514
1792
2230
4325
2059
3364
217
4826
2900
1461
4029
4186
2104
4338
872
756
1295
2267
2064
2398
2767
716
3154
3381
2565
2923
3182
4613
775
3529
1009
3422
3644
1070
4486
324
4702
3416
1739
785
4011
2532
214
3954
240
2020
110
2594
3023
1549
1526
1692
1308
571
1047
4602
2379
4277
3138
768
1798
3267
1408
3081
604
3929
2487
530
910
2482
870
3764
418
216
1279
1099
2053
341
851
3631
2456
456
1649
3163
2558
1447
2387
4238
1349
3383
3136
4814
2863
28
1012
1025
1067
3973
1512
1780
1129
1905
2969
3787
1431
2021
1186
4691
2338
874
2611
1935
3731
4772
2746
776
4375
1769
1803
397
1105
3019
3554
1045
4274
1088
3945
2022
109
4167
192
1887
1824
3239
3653
4283
1522
2714
2251
2011
1910
1595
1885
4501
624
3592
4009
4478
1832
176
2095
3545
1204
3751
364
4734
121
2889
1308
2006
2973
4737
4474
164
484
1683
1709
2752
4809
1416
1342
1844
371
2413
1618
155
4321
1556
1417
188
4835
1712
3558
4266
2561
4974
2374
412
4997
4326
3416
460
1780
1977
1416
185
3384
2125
659
101
4530
2278
1442
1710
587
163
1734
2847
645
4380
4309
850
1027
3350
180
3261
1780
1111
1223
4115
2276
174
4276
797
3822
3258
2630
980
2298
4146
2719
4592
2370
517
2848
632
3685
4132
845
4402
2828
2799
2612
2622
1316
4512
689
1353
1826
4896
3622
88
4121
948
2107
3260
507
971
845
1359
2789
3730
2602
1843
3618
1379
1971
1368
4575
12
1778
4007
3743
3623
1331
3687
3679
1029
4738
3961
1351
127
2400
1842
3194
3044
4867
3213
1173
1340
3862
589
1964
2073
426
2595
4245
1700
2012
2655
1955
3188
2099
964
1428
4732
1065
2678
3830
3423
1196
4905
365
1157
4938
1624
943
830
1443
1662
4800
616
2313
4959
1908
1781
3813
3228
4345
1104
2812
250
23
970
2540
1937
283
1790
2482
2493
3510
4139
3670
2602
4569
121
4729
421
2601
4561
2699
1448
4488
1642
4667
3973
1777
2386
1831
4195
1417
4765
3761
892
4526
4838
1332
1989
394
1012
2370
289
482
317
4458
588
3260
228
343
2955
1140
4702
3711
1053
4027
4526
4985
4157
703
3108
2766
2115
3127
1160
2082
2291
1706
1481
398
2499
969
4684
4306
1440
4057
3264
2309
4759
1946
755
3182
974
1602
3123
1008
3555
1325
965
2924
254
2129
99
1357
2681
4019
4846
3879
1421
1597
1238
3637
3245
4143
635
742
2818
1283
1213
2950
3887
1972
1005
2481
1679
1769
1911
335
2675
1698
4929
452
1267
518
1439
1556
4988
3282
397
4280
1756
253
4133
875
1888
1168
9
4206
32
757
2089
1320
1866
3134
1353
3070
3769
445
4557
1650
3967
624
4209
132
2175
315
2136
1529
2726
2512
3463
54
2746
1991
2644
1679
162
3467
2258
2296
2957
2100
2983
3813
2709
4346
4958
2611
205
2984
1477
3603
1388
2705
4914
2884
4460
3556
1364
3134
4707
1227
760
4762
4818
2675
132
2589
443
2104
4095
967
1918
3193
677
3273
22
4168
1575
1603
4928
236
20
2339
3496
467
934
1934
3338
4491
3512
726
2619
2549
4034
3074
942
1430
693
3315
748
2784
2112
1246
4785
181
1119
4522
297
1321
3221
1137
3373
1842
2224
4938
3962
2797
4473
3870
526
1681
4373
2354
2751
2521
1098
262
1263
123
4306
3301
405
1382
1882
4755
2123
1279
4950
1594
662
4176
746
2377
4718
701
4817
2691
1577
2030
1040
4827
4244
1426
3909
4756
2031
4594
315
3386
3991
3212
1161
3971
4910
128
3333
3186
1519
1918
2497
2217
2322
3503
2787
2081
1875
1260
3169
3865
254
1864
4457
2578
922
2096
4532
2169
1984
4100
1118
1140
2266
2371
2859
2674
1589
2466
1938
1590
4297
1837
495
1092
2121
1956
1289
4842
1500
706
104
3181
4024
1157
1328
1689
1256
2037
3344
1998
2015
3776
2966
1775
3492
3061
685
978
1176
2675
960
89
4997
1798
369
4376
4265
4592
4268
3084
2266
533
899
4572
4273
655
4334
78
1915
1144
3332
1909
1124
1000
1909
1893
4331
4526
618
184
1237
2962
1969
4401
2943
304
995
195
834
3875
4767
2067
3303
4977
1710
3426
268
4026
1697
1259
4355
3096
3216
498
1717
1081
1263
3169
2425
4796
41
288
4457
2937
4845
312
2914
688
2133
3136
1272
4671
4657
407
238
2577
3908
4344
877
4062
2715
3820
4962
4312
362
2812
795
2922
938
2875
4152
1881
3791
497
4163
4094
2776
4210
4471
3501
3754
4234
2900
1490
1361
4029
726
2379
3031
1139
3365
3718
1708
1940
2665
2757
4587
3637
4953
3878
3105
1114
4629
3619
868
1471
3280
3090
2263
307
4870
3599
2758
3737
4874
2963
87
4453
631
2211
4307
1844
1834
2832
1831
4874
1850
181
4352
1447
1953
2662
1532
3586
995
2829
4965
848
2609
1228
4829
3420
1147
1342
214
1111
4753
1169
2114
3796
4560
401
2130
939
506
4172
4023
2468
1165
3315
3331
1697
1392
914
8
3299
844
1112
1179
478
2553
3930
3590
1190
3559
1398
4642
2796
4692
1789
2030
1482
3616
1827
586
4883
4244
1858
2533
166
754
954
2128
1290
2984
4396
1159
1619
1031
3857
4823
3142
1391
67
1690
1338
1619
3411
3203
1160
1966
3949
4971
819
404
2387
2929
1061
4746
2945
4920
3484
1742
161
2751
1344
1563
1795
393
507
2150
2475
2612
1879
3045
4872
1103
2174
819
1333
3275
548
4493
373
1619
4661
1267
1244
2099
1600
2111
1888
4289
768
3988
1259
2421
4433
2606
3683
907
4235
1291
1641
3714
137
2749
979
1067
2607
914
2383
3641
44
4261
4479
970
3693
1287
3584
2969
2838
3277
4503
4818
3725
1613
2832
2005
2340
661
270
253
429
4286
4291
943
1625
1902
1189
2415
3854
2109
4797
533
1898
1663
3798
3086
2485
2043
3378
2336
4806
820
51
3471
1369
4720
534
4820
3828
919
1938
3246
1789
2943
2668
84
977
4261
186
3764
1010
2157
78
4355
335
1688
3272
819
4630
3332
97
3931
4507
4153
4162
520
3833
4904
2239
3872
1348
1453
3707
771
3848
1091
1759
570
2046
3176
2297
2041
963
2026
1275
2433
1558
4969
764
2566
2599
4734
4763
3410
3162
3853
2621
1787
798
2504
125
813
1568
2167
242
1500
3257
3017
331
1521
2898
2644
2536
2484
1714
898
4175
4027
459
3968
2741
558
3938
1281
4416
1119
683
4569
3102
1925
305
4356
157
4749
892
1371
853
700
1214
2786
3701
3987
3572
4015
1752
3117
1337
504
1635
3084
3909
1794
1354
4290
1785
2795
3838
3812
1717
1593
3964
611
3224
3273
517
4470
1129
4210
2251
901
4517
2682
2162
1469
562
998
4250
794
3502
263
1492
482
225
3912
3400
2610
1591
1783
4882
691
1843
2576
2165
833
1022
1329
1978
2937
2112
3706
3553
701
551
1490
316
1113
1294
184
1209
159
4711
4382
888
3504
1946
906
2553
4393
4924
541
2137
130
1374
2524
2590
1650
238
3817
3054
2279
1841
766
3521
2012
4544
3970
3791
4755
1211
519
695
4162
1539
279
2469
4644
821
3479
4899
1298
3422
2341
1743
2950
4842
4847
2529
4906
243
807
2759
2074
293
3129
3317
2291
4549
1902
950
4443
1164
1594
940
1303
3917
4639
4902
2804
2290
2453
3921
4343
3799
1430
337
3620
2702
4791
3391
3515
1006
2830
2176
3831
4419
4699
3752
2303
1456
3048
2229
346
1744
2069
337
3390
1847
4595
3402
1575
4294
3244
2750
1806
3882
4079
1106
1817
2392
2718
4514
942
3088
1912
2890
460
2100
691
2513
3365
1750
1143
802
3372
4992
1772
883
541
929
4828
3685
4239
699
4676
4681
276
1050
2013
2736
1391
1082
1874
2116
1198
4361
4343
2511
91
3193
2488
217
2861
1989
1947
867
3069
4924
2365
3019
3423
4593
3235
2491
482
4593
2403
2128
2413
1040
1740
2697
355
1874
2861
4821
1603
1053
2387
1907
2255
4532
3303
2126
964
2085
1671
931
1440
1487
628
4073
3771
4104
3690
3107
2444
1030
2723
4915
4186
179
746
2247
1415
4845
1398
893
25
4990
2048
3499
3413
1639
1994
2619
3916
2023
4076
2240
4131
4367
3984
488
3348
3559
4327
1557
3668
3765
4292
3024
3826
2633
4733
3143
4726
3762
1089
3769
3167
2542
3592
2963
2476
2015
2016
1764
2986
1860
2848
2062
4762
2460
1690
4401
2747
414
4780
414
2912
3521
361
1085
1682
2111
4183
928
1325
2131
2368
996
2752
1201
498
2006
4763
1849
4700
1512
1033
2772
4224
1452
596
3357
3645
4827
348
3911
658
514
2577
238
345
610
4846
1207
36
4408
2466
2149
4075
297
3817
3530
3271
592
281
2071
3739
2936
946
3242
4891
251
4113
1622
2105
425
603
2694
4075
1477
2516
310
2736
3275
4760
2584
3018
3934
4091
2988
4645
1793
4704
2686
2866
234
3729
4538
704
553
1681
2351
800
3801
1432
3274
4447
21
750
4434
3116
1185
4511
4344
3901
2639
655
4500
4302
359
3023
273
393
2488
4830
2420
23
2948
3973
843
4525
247
2743
2537
4401
1225
3891
3545
401
1561
4098
679
2892
1304
2272
1636
3092
185
4551
2523
2087
1083
1824
3843
4994
4554
3635
3273
1463
4529
4043
1275
4249
823
4709
3022
1358
4915
4228
1879
346
916
2261
2530
4490
1767
3677
3985
4154
4284
2296
2818
29
3483
3936
2750
4477
4281
1628
187
2116
1801
2186
3616
4044
2447
416
1910
1597
1042
2112
4177
4251
842
4124
2202
2210
3526
1293
4116
1575
182
2527
2666
3804
2529
3016
4741
516
886
2632
2653
1700
2612
291
1057
434
3736
2061
4617
3783
1804
4666
551
2205
1498
682
1984
141
3559
2378
4494
4440
3297
2713
1136
584
2647
4127
4533
4379
3233
1014
234
385
831
461
1528
587
1903
4102
4911
3078
2663
413
3090
1657
2685
2437
1998
1106
2628
594
3510
1952
1444
2585
1177
763
2569
4780
3824
2977
4824
3928
1373
3129
829
1205
2695
3503
4851
4828
4395
625
2862
333
4813
3457
3848
3721
2961
622
1997
4296
1534
1194
4329
707
2525
3993
2053
3896
3000
2294
3807
122
4060
3099
4047
720
2628
3825
4602
3077
1985
1825
4910
1810
3474
291
2360
4413
661
2274
4479
1526
912
1609
1815
1192
1556
900
1880
83
1661
2239
733
1133
4644
4444
1903
1372
4661
3555
582
3237
4952
3057
2859
2439
1043
2725
4715
2703
4246
1818
3904
2257
2678
2754
3415
1462
1959
3617
1092
4405
3625
1273
3561
1279
4544
1094
2364
217
3056
2048
148
3002
1159
4438
743
3461
419
3682
4808
4566
167
314
1849
627
4845
4311
518
4486
4730
768
2518
1563
4158
4545
4889
954
774
197
1656
1762
4051
4308
2012
615
3546
345
2425
807
2002
1204
1180
2572
3241
3758
1956
4945
4113
3315
4684
3780
1984
4723
4488
3716
503
3513
4197
1620
422
4877
2555
3635
334
2690
53
2630
2882
1134
1746
2859
2118
1215
299
3794
1109
2923
607
1487
4163
2444
4875
1695
1434
1584
4639
2187
1358
279
1656
4766
1692
799
573
1962
1575
1386
556
1670
2772
3661
1332
4407
4071
1994
4993
1894
1492
4564
2972
183
124
1212
4172
2844
3100
1196
3347
750
4633
2064
1033
708
98
3567
534
3752
1129
3516
1685
383
176
1277
2596
2164
3139
1941
3252
3327
2700
4697
241
2884
1866
2014
1346
1194
4835
4902
298
1828
1928
684
4547
4796
3990
801
2760
3464
1568
1270
4011
251
2128
2793
2973
2540
531
1814
473
614
3642
4789
2392
3896
2424
120
1529
217
2851
2780
155
3050
2345
1360
3010
3443
2309
4387
836
1965
200
2483
3268
2778
3493
4562
398
1630
4433
248
4460
1825
1057
3333
2141
3929
4572
927
2777
4977
1192
3652
2413
1217
3675
3385
689
1374
1834
3899
2657
3094
2503
1821
4314
1064
1970
1151
4357
1937
3
1000
2131
579
3998
4796
1512
1146
296
3899
2269
3322
1213
3359
1020
2296
2401
2216
3208
1624
4935
1458
3854
3815
4213
2358
2169
2712
3617
871
2592
3416
3332
2424
576
1042
2631
668
793
638
277
2429
2869
1413
3147
435
2518
4705
4742
2384
3595
2252
4056
4643
4369
1822
1473
1759
4262
2438
1797
765
3875
2425
245
1273
4287
3452
2200
133
3534
1140
4931
3982
3804
3721
4017
438
1187
1029
3370
4064
2806
2912
2234
2525
1881
3460
2927
2812
4900
2224
474
4903
2997
2777
3025
3378
2398
1353
778
2160
4829
2123
3363
1665
4465
2499
4723
2662
1811
3545
2935
2545
3155
3281
343
3443
619
4759
1430
3945
794
4600
4203
2805
3538
2448
400
209
3688
1079
2035
1690
274
1180
1134
943
3886
3837
714
140
1241
932
4013
2717
4885
1346
2087
3947
310
3679
769
2658
1063
3688
373
1016
2338
1347
843
1116
4340
2272
2474
4646
1494
1639
1304
4641
1265
1607
3561
169
4068
4326
1920
108
117
3929
4006
2613
4992
110
4469
4859
4469
876
1447
2060
4500
1832
989
48
179
645
1429
3970
1652
2711
2859
3981
4927
232
4900
494
1429
4547
3424
2609
3383
2349
3231
1229
1437
3632
4741
1045
4411
4146
479
2194
1672
2668
4977
1070
4437
1936
1071
3583
4420
1059
1240
4265
1115
2967
1443
889
2726
1062
1743
461
1613
45
2493
324
209
2989
1300
2362
1700
3738
1123
4179
1007
4547
631
3369
4986
715
1403
1142
4486
3036
4389
1430
199
3091
498
4863
619
792
2076
1793
3622
4959
4069
210
654
3858
4266
1786
4548
1492
2101
2273
3964
612
4996
1246
2103
2099
3024
808
3092
1399
3410
3779
476
4954
490
1899
1557
344
3309
4846
1150
1623
1353
3892
379
3841
4019
175
3047
4271
2731
1713
1978
416
2086
1888
2950
1755
2124
2714
1976
1360
1912
2488
1597
3453
1629
747
773
4972
1827
2462
61
4598
3337
1395
256
2993
4106
4029
2459
7
164
4234
3032
3198
2373
4313
373
3659
4448
4018
3902
4534
2192
3332
1669
4559
2485
3893
1763
2901
4424
885
860
1751
797
1485
4941
2776
575
1681
2686
2183
4387
310
3897
2887
2256
944
820
2331
4614
92
418
2225
3000
2728
152
2025
4981
2036
3522
3767
912
431
2501
4784
3915
3905
2874
2101
926
1587
1037
2588
3216
1915
1840
2581
1156
3800
3664
606
4556
2810
1337
3193
60
1690
3918
155
2830
3423
2116
1368
3753
4823
2014
420
1895
4896
760
763
3588
2839
3938
1322
65
2522
2917
4546
3902
2256
2919
4626
4038
2783
253
2599
3316
1347
4997
2086
3624
3994
3589
1958
3426
134
2640
1458
63
4961
3565
2056
4488
1369
745
3512
3421
1058
4208
1257
57
4093
6
1079
3942
4882
1788
4774
4158
3476
2304
3738
24
3947
3293
3715
1342
2041
3980
3481
3814
2818
2800
152
3245
1510
3217
874
2886
1234
3812
1600
641
3924
992
2727
1940
2194
3300
4260
3193
1682
2161
4342
2531
4983
4843
3989
366
1860
799
3141
1899
1446
480
3921
1454
4429
4474
676
4850
501
335
1384
3647
4244
4342
2354
4582
2069
1980
4769
4720
218
3292
3677
2234
4778
2352
4815
335
1025
268
401
383
2041
2405
4152
4402
1935
3321
210
4584
4523
4449
3875
2998
4904
2646
1579
726
593
4998
4177
534
2929
1301
4833
2536
2507
4245
2399
3065
566
3678
3013
3684
581
2634
1331
1587
2674
447
599
4667
463
4567
979
114
3637
1419
2044
2068
2591
3305
2814
1126
4303
1962
4206
2957
1610
2208
2636
4062
2157
3008
4795
4055
1261
1776
2871
9
1454
3948
1276
3276
2511
123
4817
111
533
3582
1985
1418
1626
1641
2413
672
661
2927
3743
3089
3215
3426
3349
282
2066
1597
2353
1057
4252
3701
2589
4314
2158
3797
1700
1418
306
1579
1676
4553
3564
3937
2425
1137
524
247
4401
851
1733
4778
3698
2596
3759
4396
4291
663
1681
711
1128
374
4508
2780
1756
2163
2070
134
2399
699
512
3703
4775
1981
294
1929
2174
1942
322
3672
2130
2033
1838
4454
2635
2261
4610
2110
4903
589
269
3496
4345
4997
2437
2693
1331
4393
2550
507
2734
2794
247
3479
4255
151
1171
4408
1111
4623
3563
1962
1405
1037
2658
1821
1905
174
1919
2353
1032
186
2220
505
3014
4032
472
380
3680
1574
1122
1580
1569
2210
4175
2199
2192
509
1761
3388
187
3322
4807
669
1675
1663
1511
3629
3931
24
53
1404
979
2746
1514
4695
2504
3902
1499
3285
858
729
2142
185
1599
4577
1888
4943
2588
1479
4989
2769
3141
2258
4069
2413
2079
1920
3080
1793
1680
1094
404
2615
2211
1297
16
901
2683
1620
948
3159
1850
336
2851
3320
1590
2307
527
4526
1897
696
1654
3328
1494
721
2866
2551
4208
3513
2161
2869
4194
2213
4814
1554
1883
3084
2471
1892
13
4274
1942
2251
2568
846
2844
4341
3095
1695
3209
313
2455
4489
4923
1532
3365
1878
1975
2989
1058
117
909
3060
537
1093
4910
859
3559
1802
455
1791
983
2305
1867
3840
3616
4163
2358
4532
453
4107
1263
4932
2334
1682
3073
2971
4658
686
3150
3896
317
4629
1600
445
846
515
2773
906
3774
2601
3954
2649
3152
1229
4606
2745
2001
1406
3467
2580
4598
3218
284
2031
3251
1510
4504
635
1823
456
1882
3702
3837
1390
1628
3800
1327
1097
2510
1381
4948
4844
4781
1161
2386
2156
2781
1528
2184
147
3885
1295
1486
3824
126
1809
1613
3466
2734
2162
4623
97
162
4622
923
1200
1264
3251
451
1287
1438
4708
1951
2630
2634
1426
102
4030
2754
1537
553
4934
922
889
385
3550
1620
4440
2994
733
3640
352
1127
1349
1483
2657
48
4594
3143
4618
1043
4606
1140
2096
4347
990
2853
1664
3263
3625
4624
665
2666
4003
2531
4504
4395
2335
1572
2168
2658
2951
3216
2127
4955
1024
312
4309
3853
3035
13
2317
953
3455
1933
1303
861
1930
4849
3022
2142
552
4988
2306
3767
2569
3500
4398
3877
3997
3292
2739
558
1729
336
97
793
3768
379
4865
2426
2726
4222
1454
819
4784
112
62
4392
1147
3677
4050
322
18
4184
877
1031
60
4779
237
266
4141
4346
2161
816
2896
3998
3232
1120
345
867
634
2788
3560
1518
1776
631
3375
1760
3178
2521
1835
4509
4659
1932
2298
4049
1823
800
4597
3632
4093
1067
4488
1041
2988
4482
3209
26
666
1718
1069
1265
1192
1125
2405
4488
2675
4887
2368
646
3195
288
359
4876
2685
2174
1026
2396
1606
1867
4034
3488
2675
4332
1834
139
3799
4534
1921
417
3941
3922
2371
3235
2658
2793
2584
4118
422
2431
497
4807
4201
1375
580
2427
1132
1274
4907
1300
480
4431
4921
1847
2340
3138
3569
946
911
3640
4743
3476
1475
134
228
979
1651
1118
4392
468
1458
1618
3285
3772
789
4674
2292
2693
1603
1050
2718
3813
1957
1142
778
2378
4612
2156
2152
982
2712
1397
3309
1432
4096
1068
1740
1920
3579
312
4056
2005
2387
153
2893
3576
4096
2724
21
3560
4147
587
2116
2245
573
3819
3823
579
128
1082
1165
3747
327
1570
4520
593
2795
2461
4076
4978
2108
4801
2541
1789
1171
768
1034
3466
761
516
1991
2513
172
2800
2544
4365
1891
1206
3245
4834
224
1206
974
2523
1433
4853
3440
142
2685
1121
5000
570
4694
2650
2262
759
940
1743
536
1953
1731
4968
634
437
4019
1152
1804
2722
256
1742
4686
3118
2586
1082
825
1044
1439
4389
2111
2146
1804
2168
2349
96
2050
2665
4852
4976
4992
2427
1017
3522
168
4927
361
578
1904
4655
1052
844
515
3029
3527
1813
71
333
2274
2311
2831
2488
2311
3266
2313
1789
2315
1453
1441
4011
1152
95
3499
3241
3736
4682
1831
3930
2035
776
2451
627
994
996
1301
2360
554
4134
2939
4133
235
3058
828
631
3989
3044
1537
675
641
1796
630
1586
702
4654
1285
1870
2258
2395
4689
4160
2971
1751
3926
2463
692
1945
30
3959
2337
1176
1091
1483
1933
3758
4439
509
1827
1140
4206
3874
1947
3737
3404
1697
12
68
572
4831
226
647
3262
3010
4699
2106
2001
814
2042
3431
4623
1213
330
4157
1315
3653
183
1385
932
4698
4202
4576
4169
1977
3166
4150
4574
4818
331
2351
992
4187
4637
4401
3094
4804
2962
36
4750
693
2534
4458
4542
4965
4009
4406
3320
3503
1162
3891
1887
981
1987
485
443
604
4585
4168
496
4393
553
2633
4054
3075
317
115
751
3031
2719
4383
4370
2135
1970
5
4755
2459
3777
3379
3702
1159
3355
1247
3858
4080
4224
1127
2212
1446
1039
377
270
1994
355
2690
4195
1893
4935
231
3823
3112
380
818
1505
721
3506
1553
4013
634
2015
2124
3695
1101
841
3882
4947
2873
1930
3877
537
23
3487
4152
1777
4924
4822
3368
2736
395
1222
1448
3164
154
2094
659
2638
867
894
2082
2090
1116
2557
2331
4705
2312
536
4243
1520
936
3100
3989
604
1360
714
2316
2208
3609
3773
4439
117
600
3034
4204
3411
3435
4416
2578
4940
2013
2438
546
2548
4700
3450
287
2775
365
2708
3519
4250
1009
4419
3556
3808
4836
1582
956
3208
1972
1244
1988
2990
3356
1533
2674
226
1920
4158
367
2985
2432
315
2403
3924
4106
1955
683
833
3626
2177
1113
3786
522
4545
308
2380
4855
545
2661
1254
4298
4963
2743
1603
62
717
4773
295
4266
4590
2940
2707
420
4020
4608
4588
1747
4027
2282
4736
3765
2117
3452
4566
3836
3593
2099
4241
1368
4893
991
1086
602
2391
787
3610
2140
2940
2153
804
2772
2668
4323
729
869
873
92
3409
1965
352
1727
4457
3000
1300
2937
2571
4998
888
1375
4193
923
2507
1011
181
4552
1924
